A
3,3,3,
3,3,3,
3,3,3,
3,3,3,
3,3,3,
3,3,3,
B
  0,  0,  0,  0,  0,  0,  0,  0,  0,  0,  0,  0,
  0,  0,  0,  0,  0,  0,  0,  0,  0,  0,  0,  0,
  0,  0,  0,  0,  0,  0,  0,  0,  0,  0,  0,  0,
  0,  0,  0,  0,  0,  0,  0,  0,  0,  0,  0,  0,
  0,  0,  0,  0,  0,  0,  0,  0,  0,  0,  0,  0,
  0,  0,  0,  0,  0,  0,  0,  0,  0,  0,  0,  0,
  0,  0,  0,  0,  0,  0,  0,  0,  0,  0,  0,  0,
  0,  0,  0,  0,  0,  0,  0,  0,  0,  0,  0,  0,
  0,  0,  0,  0,  0,  0,  0,  0,  0,  0,  0,  0,
  0,  0,  0,  0,  0,  0,  0,  0,  0,  0,  0,  0,
  0,  0,  0,  0,  0,  0,  0,  0,  0,  0,  0,  0,
  0,  0,  0,  0,  0,  0,  0,  0,  0,  0,  0,  0,

A
1,1,1,
3,3,3,
3,3,3,
3,3,3,
3,3,3,
3,3,3,
B
 65,  0,148,  0,  0,  0,152,147,147,147,147,147,
 69,  0,148,  0,  0,  0,148,  0,  0,  0,161,  0,
 73,  0,148,  0,  0,  0,148,  0,  0,  0,  0, 58,
  0,  0,148,  0,154,  0,148,  0,  0,  0,  0, 62,
147,147,150,  0,  0,  0,148,  0,  0,  0,  0, 66,
  0,  0,162,  0,  0,  0,148,  0,  0,155,  0, 70,
154,  0,  0,  0,  0,  0,149,147,147,147,147,147,
  0,  0,  0,  0, 88,  0,  0, 88,  0,  0,  0,159,
 44, 44, 44, 44, 45,  0,164, 46, 44, 44, 44, 44,
  0,  0,  0,  0,  0,  0,  0,  0,  0,  0,  0,  0,
  0,  0,  0,  0,  0,  0,  0,  0,  0,  0,  0,  0,
  0,  0,  0,  0,  0,  0,  0,  0,  0,  0,  0,  0,

A
0,0,0,
0,0,0,
0,0,0,
0,0,0,
0,0,0,
1,1,0,
B
 65,  0,  0,148,  0,  0,  0,  0,  0,  0,  0,  0,
 69,  0,  0,148,  0,  0,  0,  0,  0,163,  0,  0,
 73,  0,  0,148,154,  0,  0,  0,  0,  0,  0,  0,
147,147,147,150,  0,  0,152,147,147,147,147,147,
  0,  0,  0,  0,  0,  0,148,  0,  0,  0,  0,  0,
147,147,147,147,147,147,150,  0,  0,  0,  0,  0,
  0,  0,  0,  0,164,  0,  0,  0,162,  0,  0,  0,
  0,  0,  0,  0,  0,  0,  0,  0, 58, 59, 60, 61,
  0,  0,  0,  0,  0,  0,  0,  0, 62, 63, 64, 65,
  0,  0,  0,  0,  0,  0,  0,  0, 66, 67, 68, 69,
147,147,151,  0,  0,  0,  0,  0, 70, 78, 79, 73,
 61,  0,148,163,  0,  0,  0,  0,  0,  0,  0,  0,

A
0,0,0,
0,0,0,
0,0,0,
1,1,1,
1,1,1,
0,0,0,
B
  0,  0,153,  0,  0,  0,  0,  0,  0,154,148,  0,
 48, 48,  0,  0,  0,  0,  0,152,147,147,150,  0,
  0,  0,  0,  0,  0,  0,  0,148,159,  0,  0,  0,
  0,  0,  0,  0,  0,  0,  0,148,  0,155,  0,  0,
  0,154,  0,  0,  0,  0,  0,148,  0,  0,  0,  0,
  0,  0,  0,  0,  0,162,  0,148,  0, 48, 48, 48,
  0,  0,  0,  0,  0,  0,  0,148,  0,  0,  0,  0,
  0,  0,  0,152,147,147,147,150,  0,  0,  0,161,
  0,  0,  0,148,  0,164,  0,  0,  0,  0,  0,  0,
  0,  0,  0,148,  0,  0,  0,  0,  0,153,  0,  0,
160,  0,  0,148,  0,  0,  0,  0,  0,  0,  0,154,
 61,  0,  0,148,  0,  0,155,  0,  0,  0,  0,  0,

A
1,1,1,
0,0,0,
0,0,0,
1,1,1,
1,1,1,
1,1,1,
B
  0,  0,  0,  0,  0,  0,  0,  0,  0,154,149,147,
 60, 61,  0,  0,  0,  0,  0,161,  0,  0,  0,  0,
 64, 65,  0,  0,  0,  0,  0,  0,  0,  0,  0,  0,
 68, 69,  0,  0,155,  0,  0,  0,  0,  0,153,  0,
 72, 73,  0,  0,  0,  0,  0,  0,  0,  0,  0,  0,
150,  0,162,  0,  0,  0,  0,  0,  0,164,  0,  0,
147,147,147,147,147,147,147,147,147,147,147,147,
  0,  0,  0,  0,  0,  0,  0,  0,  0,  0,  0,  0,
  0,  0,  0,  0,  0,  0,  0,  0,  0,  0,152,147,
  0,  0,  0,  0,  0,  0,  0,  0,163,  0,148,  0,
  0,  0,  0,  0,  0,  0,  0,  0,  0,  0,148,  0,
  0,  0,  0,  0,  0,  0,  0,  0,  0,  0,148,  0,

A
2,2,2,
1,3,3,
3,3,3,
3,3,3,
3,3,3,
3,3,3,
B
  0,  0,  0,  0,  0,  0,  0,  0,  0,  0,  0,  0,
  0,  0,  0,  0, 88,  0,  0,  0,  0, 88,  0,  0,
 44, 44, 44, 44, 45,  0,  0,  0,159, 46, 44, 44,
  0,  0,161,  0,  0,154,  0,  0,  0,  0,  0,  0,
  0,  0,  0,  0,  0,  0,  0,  0,  0,  0,  0,  0,
147,147,147,151,  0,  0,  0,  0,  0,155,  0,  0,
  0,  0,  0,148,  0,  0,  0,  0,  0, 58, 59, 60,
  0,  0,163,148,153,  0,  0,  0,  0, 62, 63, 64,
  0,  0,  0,148,  0,  0,  0,  0,162, 66, 67, 68,
  0,  0,  0,148,  0,  0,  0,  0,  0, 70, 71, 72,
  0,  0,  0,148,  0,  0,  0,  0,  0,  0,  0,  0,
160,  0,  0,149,147,147,147,147,147,147,151,  0,

A
2,2,2,
2,2,2,
2,2,2,
2,2,2,
2,2,2,
2,2,2,
B
  0,  0,  0,  0,  0,  0,  0,  0,  0,  0,  0,  0,
  0,  0,  0,  0,  0,  0,  0,  0,  0,  0,  0,  0,
  0,  0,  0,  0,  0,  0,  0,  0,  0,  0,  0,  0,
  0,  0,  0,  0,  0,  0,  0,  0,  0,  0,  0,  0,
  0,  0,  0,  0,  0,  0,  0,  0,  0,  0,  0,  0,
  0,  0,  0,  0,  0,  0,  0,  0,  0,  0,  0,  0,
  0,  0,  0,  0,  0,  0,  0,  0,  0,  0,  0,  0,
  0,  0,  0,  0,  0,  0,  0,  0,  0,  0,  0,  0,
  0,  0,  0,  0,  0,  0,  0,  0,  0,  0,  0,  0,
  0,  0,  0,  0,  0,  0,  0,  0,  0,  0,  0,  0,
  0,  0,  0,  0,  0,  0,  0,  0,  0,  0,  0,  0,
  0,  0,  0,  0,  0,  0,  0,  0,  0,  0,  0,  0,

A
3,3,1,
3,1,3,
2,2,1,
2,1,2,
2,2,2,
2,2,2,
B
179,  0,179, 38,  0,201,  0,  0,  0,  0,157,  0,
 11,  0, 11, 38,  0,160,  0,  0,  0,  0,  0,  0,
  0,173, 39, 43,  0,201,  0,  0,  0,  0,  0,  0,
  0,  0,  0,  0,  0,  0,  0,  0,  0,  0,  0,  0,
  0,  0,  0,  0,  0,  0,  0,  0,  0,  0,  0,  0,
  0,  0,  0,157,  0,  0,  0,  0,161,  0,  0,  0,
 59, 60, 61,  0,  0,  0,  0,  0, 58, 59, 60, 61,
 63, 64, 65,  0,  0,  0,  0,  0, 62, 63, 64, 65,
 67, 68, 69,  0,  0,  0,  0,  0, 66, 67, 68, 69,
 71, 72, 73,  0,  0,  0,  0,  0, 70, 71, 72, 73,
  0,  0,  0,  0,  0,  0,  0,  0,  0,  0,  0,  0,
  0,  0,  0,  0,  0,  0,  0,  0,  0,  0,  0,  0,
C
  0,  0,  0,  0,  0,  0,  0,  0,  0,  0,  0,  0,
  0,  0,  0,  0,  0,  0,  0,  0,  0,  0,  0,  0,
 34, 35,  0,  0,  0,  0,  0,  0,  0,  0,  0,  0,
 36, 37,  0,  0,  0,  0,  0,  0,  0,  0,  0,  0,
  0,  0,  0,  0,  0,  0,  0,  0,  0,  0,  0,  0,
  0,  0,  0,  0,  0,  0,  0,  0,  0,  0,  0,  0,
  0,  0,  0,  0,  0,  0,  0,  0,  0,  0,  0,  0,
  0,  0,  0,  0,  0,  0,  0,  0,  0,  0,  0,  0,
  0,  0,  0,  0,  0,  0,  0,  0,  0,  0,  0,  0,
  0,  0,  0,  0,  0,  0,  0,  0,  0,  0,  0,  0,
  0,  0,  0,  0,  0,  0,  0,  0,  0,  0,  0,  0,
  0,  0,  0,  0,  0,  0,  0,  0,  0,  0,  0,  0,

A
3,2,2,
3,3,2,
2,2,3,
1,1,1,
0,0,0,
1,1,1,
B
164,  0,  0,  0,  0,  0,  0,  0,  0,  0,  0,  0,
  0,  0,153,  0,  0,  0,  0,  0,  0,  0,162,  0,
  0,  0,  0,  0,  0,  0,  0,  0,  0,  0,  0,  0,
163,  0,157,  0,  0,  0,161,  0,  0,  0,  0,  0,
  0,  0,  0,  0,  0,  0,  0,  0,  0,  0,  0,  0,
  0,  0,  0,  0,  0,  0,  0,  0,  0,  0,  0,  0,
 39, 39, 39, 41,  0,  0,  0,  0,  0,165,  0,  0,
 11,  0, 11, 38,  0,  0,  0,  0,  0,  0,  0,  0,
179,  0,179, 38,  0,  0,  0,  0,  0, 58, 59, 60,
 11,  0, 11, 38,  0,165,  0,  0,  0, 62, 63, 64,
179,  0,179, 38,  0,  0,  0,  0,  0, 66, 67, 68,
 11,  0, 11, 38,  0,  0,  0,  0,  0, 70, 78, 79,

A
5,5,5,
5,5,5,
5,5,5,
5,5,5,
5,5,5,
3,3,3,
B
181,182,  0,  0,  0,  0,174,  0,  0,  0,  0,  0,
183,184,  0,175,  0,  0,  0,  0,  0,  0,  0,175,
181,182,  0, 50,  0,  0,  0,  0,178,  0,  0,  0,
183,184,181, 52,  0,  0,  0,  0,  0,  0,  0,  0,
181,182,183, 49, 50,  0,  0,  0,  0,  0, 53, 54,
183,184,181,182, 52,  0,177,  0,  0,  0, 55, 56,
181,182,183, 52, 54,  0,  0,  0,  0,  0,  0,175,
183,184, 50, 55, 56,  0,  0,  0,  0,  0,176,  0,
 44, 44, 44, 44, 45,  0,  0, 46, 44, 44, 44, 44,
188,188,188,188,188,188,188,188,188,188,188,188,
187,187,187,187,187,187,187,187,187,187,187,187,
 44, 44, 44, 44, 45,  0,  0, 46, 44, 44, 44, 44,
C
 51, 53, 54,  0,  0,  0,  0,  0,  0,  0,  0,  0,
  0, 55, 56,  0,  0,  0,  0,  0,  0,  0,  0,  0,
  0,  0, 49,  0,  0,  0,  0,  0,  0,  0,  0,  0,
  0,  0, 51,  0,  0,  0,  0,  0,  0,  0,  0,  0,
 53, 54, 50,  0,  0,  0,  0,  0,  0,  0,  0,  0,
 55, 56, 50, 51,  0,  0,  0,  0,  0,  0,  0,  0,
  0, 51, 52, 53,  0,  0,  0,  0,  0,  0,  0,  0,
  0,  0,  0,  0,  0,  0,  0,  0,  0,  0,  0,  0,
  0,  0,  0,  0,  0,  0,  0,  0,  0,  0,  0,  0,
  0,  0,  0,  0,  0,  0,  0,  0,  0,  0,  0,  0,
  0,  0,  0,  0,  0,  0,  0,  0,  0,  0,  0,  0,
  0,  0,  0,  0,  0,  0,  0,  0,  0,  0,  0,  0,

A
5,5,5,
5,5,5,
5,5,5,
5,5,5,
5,5,5,
5,5,5,
B
  0,169,  0,  0,  0,  0,  0,  0,  0,  0,  0,  0,
 10,  0,  0,  0,  0,  0,  0,  0,  0,  6,  5,  7,
  0,  0,  0,  0,177,  0,  0,  0,  0,  8,  8,  8,
171,170,  0,  0,  0,  0,  0,  0,  0,168,  0,  0,
  0,  0,  0,  0,  0,  0,175,  0,  0,169,  0,  0,
  0,  0,  0,  0,  0,  0,  0,  0,  0,  0,  1,  2,
  0,  0,  0,168,  0,  0,  0,  0,  0,  0,  3,  4,
  0,  0,  0,  0,  0,  0,  0,  0,  0,168,177,  0,
  0,  0, 33,  0,  0,  0,  0,  0,  0,  0,  0,  0,
168,  0,  0,  0,  0,  0,  0,169,  0,  0,  0,  0,
175,  0,  0,  0,  0,  0,  0,  0,  0,  0,170,  0,
 49, 50,  0,  0,  0,  0,  0,  0,  0,  0,  0, 32,

A
5,5,5,
5,5,5,
5,5,5,
5,5,5,
5,5,5,
5,5,5,
B
  0,  0,  0,  0,  0,  0,  0,  0,  0,  0,  0,  0,
  0,  0,  0,  0,  0,  0,  0,  0,  0,  0,  0,  0,
175,  0,  0,  0,  0,  0,  0, 48, 48, 48, 48, 48,
  0,  0,  0,  0,  0,  0,  0,  0,  0,  0, 49, 50,
  0,  0,  0,176,  0,  0,  0,  0,  0,  0, 51, 52,
  0,  0,  0,  0,  0,  0,  0,177,  0,  0,  0,175,
  0,  0,  0,  0,  0,168,  0,  0,  0,  0,  0, 10,
  0,178,  0,  0,  0,  0,  0,  0,  0,  0,  0,  0,
  0,  0,  0,  0,178,  0,  0,  0,174,  0,  0,  0,
  0,  0,  0,  0,  0,175,  0,  0,  0,  0,  0,  0,
  0,  0,  0,  0,  0,  0,  0,  0,  0,  0,  0, 31,
  0,  0,  0,  0,  0,  0,  0,  0,176,  0,  0,  0,

A
5,5,5,
5,5,5,
5,5,5,
5,5,5,
5,5,5,
5,5,5,
B
  0,  0,  0,  0,  0,  0,  0,  0,  0,  0,  0,  0,
  0,  0,  0,  0,  0,  0,  0,  0,  0,  0,  0,  0,
  0,  0,  0,  0,  0,  0,  0,  0,  0,  0,  0,  0,
  0,  0,  0,  0,  0,  0,  0,  0,  0,  0,  0,  0,
  0,  0,  0,  0,  0,  0,  0,  0,  0,  0,  0,  0,
  0,  0,  0,  0,  0,  0,  0,  0,  0,  0,  0,  0,
  0,  0,  0,  0,  0,  0,  0,  0,  0,  0,  0,  0,
  0,  0,  0,  0,  0,  0,  0,  0,  0,  0,  0,  0,
  0,  0,  0,  0,  0,  0,  0,  0,  0,  0,  0,  0,
  0,  0,  0,  0,  0,  0,  0,  0,  0,  0,  0,  0,
  0,  0,  0,  0,  0,  0,  0,  0,  0,  0,  0,  0,
  0,  0,  0,  0,  0,  0,  0,  0,  0,  0,  0,  0,

A
5,5,5,
5,5,5,
5,5,5,
5,5,5,
5,5,5,
5,5,5,
B
183,184,  0,  0,  0,169,  0,148,  0,  0,  0,  0,
181,182,  0,  0,  0,  0,  0,148, 48, 48, 48, 48,
183,184,  0,176,  0,  0,  0,149,147,147,147,147,
181,182,  0,  0,  0,  0,  0,  0,  0,  0,  0,175,
183,184,  0,  0,  0,  0,  0,  0,  0,169,  0,  0,
181,182,  0,  0,  0,  0, 33,  0,  0,  0,  0,  0,
183,184,  0,  0,  0,  0,  0,  0,  0,  0,  0,  0,
181,182,  0,  0,  0,157,  0,  0,  0,  0,  0,170,
183,184, 50,  0,  0,  0,  0,  0,  0,175,  0,  0,
 52, 51, 52,  0,  0,  0,  0,  0,  0,  0,  0,  0,
  0,  0,  0,  0,  0,  0,  0,  0,  0,  0,  0,  0,
  0,  0,  0,  0,  0,  0,  0,  0,  0,  0,  0,  0,
C
 50, 53, 54,  0,  0,  0,  0,  0,  0,  0,  0,  0,
 52, 55, 56,  0,  0,  0,  0,  0,  0,  0,  0,  0,
 54, 49, 50,  0,  0,  0,  0,  0,  0,  0,  0,  0,
 56, 51, 52,  0,  0,  0,  0,  0,  0,  0,  0,  0,
 50, 49, 50,  0,  0,  0,  0,  0,  0,  0,  0,  0,
 52, 51, 52,  0,  0,  0,  0,  0,  0,  0,  0,  0,
 50, 53, 54,  0,  0,  0,  0,  0,  0,  0,  0,  0,
 52, 55, 56,  0,  0,  0,  0,  0,  0,  0,  0,  0,
 50, 49,  0,  0,  0,  0,  0,  0,  0,  0,  0,  0,
  0,  0,  0,  0,  0,  0,  0,  0,  0,  0,  0,  0,
  0,  0,  0,  0,  0,  0,  0,  0,  0,  0,  0,  0,
  0,  0,  0,  0,  0,  0,  0,  0,  0,  0,  0,  0,

A
5,5,5,
5,5,5,
5,5,5,
5,5,5,
5,5,5,
5,5,5,
B
183,184,183, 49,183,184,  0,  0,148,  0,  0,  0,
181,182,181,182,  0,  0,  0,175,148,  0,180,  0,
183,184,183,184,  0,176,  0,152,150,  0,  0,  0,
 52,182,181,182,  0,  0,  0,148,178,  0,  0,189,
 50, 49,183, 49, 50,  0,  0,148,  0,  0,  0,  0,
181,182, 52, 51, 52,  0,  0,148,  0,  0,  0,176,
183,184,  0, 49,  0,  0,177,148,  0,177,  0,  0,
181,182,181,182,  0,  0,  0,148,  0,  0,175,  0,
183,184,183,184,  0,  0,  0,148,  0,  0,  0,  0,
181,182,  0,  0,  0,  0,  0,148,  0,  0,169,  0,
183,  0,  0,175,177,  0,  0,148,176,  0,  0,  0,
181,182,  0,  0,  0,  0,  0,148,  0,  0,  0,175,
C
113, 49,110,111, 50, 49, 50,  0,  0,  0,  0,  0,
 56, 51,112,113, 52, 51, 52,  0,  0,  0,  0,  0,
 50, 49, 50, 53, 54,  0,  0,  0,  0,  0,  0,  0,
110, 51, 52, 55, 56,  0,  0,  0,  0,  0,  0,  0,
112,113, 50,  0,  0,  0,  0,  0,  0,  0,  0,  0,
 52, 51,110,111,  0,  0,  0,  0,  0,  0,  0,  0,
 50, 53, 54,113, 50,  0,  0,  0,  0,  0,  0,  0,
 52, 55, 56, 51, 52,  0,  0,  0,  0,  0,  0,  0,
 50, 49, 50, 49, 50,  0,  0,  0,  0,  0,  0,  0,
 52, 51, 52, 51, 52,  0,  0,  0,  0,  0,  0,  0,
 50, 49, 50,  0,  0,  0,  0,  0,  0,  0,  0,  0,
 52, 51, 52,  0,  0,  0,  0,  0,  0,  0,  0,  0,

A
5,5,5,
5,5,5,
5,5,5,
5,5,5,
5,5,5,
5,5,5,
B
  0,  0,  0,  0,  0,  0,148,  0,  0,  0,  0, 62,
  0,175,  0,  0,  0,  0,149,147,151,  0,  0, 66,
  0,  0,  0,  0,  0,  0,176,  0,148,  0,  0, 70,
175,  0,  0,169,  0,  0,  0,  0,148,  0,  0,  0,
  0,  0,  0,  0,  0,  0,  0,  0,148,  0,  0,  0,
181,182,  0,  0,  0,  0,180,  0,148,  0,  0,  0,
183,184,  0,  0,  0,  0,  0,  0,148,  0,  0,169,
181,182,181,182,181,182,  0,  0,148,  0,  0,  0,
183,184,183,184,183,184,  0,  0,148,  0,175,  0,
181,182,181,182,181,182,  0,  0,148,  0,  0,  0,
183,184,183,184,183,184,  0,  0,148,  0,  0,  0,
181,182,181,182,181,182,  0,  0,148,  0,169,  0,
C
  0,  0,  0,  0,  0,  0,  0,  0,  0,  0,  0,  0,
  0,  0,  0,  0,  0,  0,  0,  0,  0,  0,  0,  0,
  0,  0,  0,  0,  0,  0,  0,  0,  0,  0,  0,  0,
  0,  0,  0,  0,  0,  0,  0,  0,  0,  0,  0,  0,
 53, 54,  0,  0,  0,  0,  0,  0,  0,  0,  0,  0,
 55, 56,  0,  0,  0,  0,  0,  0,  0,  0,  0,  0,
 49, 50, 49, 50, 49, 50,  0,  0,  0,  0,  0,  0,
 51,110,111, 52, 51, 52,  0,  0,  0,  0,  0,  0,
 50,112,113, 49, 50, 49, 50,  0,  0,  0,  0,  0,
 52, 51, 52, 51, 52, 51, 52,  0,  0,  0,  0,  0,
 50,110,111, 53, 54,110, 50,  0,  0,  0,  0,  0,
 52,112,113, 55, 56,112, 52,  0,  0,  0,  0,  0,

A
5,5,5,
5,5,5,
5,5,5,
5,5,5,
5,5,5,
5,5,5,
B
127,  0,  0,  0,  0,  0,169,  0,  0,  0,  0,  0,
127, 50,  0,  0,175,  0,  0,  0,  0,  0,  0,  0,
 51, 52,  0,  0,  0,  0,  0,  0,  0,  0,  0,  0,
  0,  0,  0,152,147,147,147,147,147,147,147,147,
  0,  0,  0,148,  0,  0,  0,168,  0,  0,  0,  0,
  0,  0,  0,148, 58, 59, 60, 61,  0,  0,  0,168,
  0,169,  0,148, 62, 63, 64, 65,  0,  0,  0,  0,
  0,  0,  0,148, 66, 67, 68, 69,  0,158,  0,  0,
175,  0,  0,148, 70, 71, 72, 73,  0,  0,  0,  0,
  0,  0,176,149,147,147,151, 31,  0,  0,  0,175,
  0,  0,  0,  0,  0,  0,148,  0,  0,  0,  0,  0,
  0,  0,  0,  0,  0,  0,148,  0,  0,  0,168, 58,
C
 57,  0,  0,  0,  0,  0,  0,  0,  0,  0,  0,  0,
 49,  0,  0,  0,  0,  0,  0,  0,  0,  0,  0,  0,
  0,  0,  0,  0,  0,  0,  0,  0,  0,  0,  0,  0,
  0,  0,  0,  0,  0,  0,  0,  0,  0,  0,  0,  0,
  0,  0,  0,  0,  0,  0,  0,  0,  0,  0,  0,  0,
  0,  0,  0,  0,  0,  0,  0,  0,  0,  0,  0,  0,
  0,  0,  0,  0,  0,  0,  0,  0,  0,  0,  0,  0,
  0,  0,  0,  0,  0,  0,  0,  0,  0,  0,  0,  0,
  0,  0,  0,  0,  0,  0,  0,  0,  0,  0,  0,  0,
  0,  0,  0,  0,  0,  0,  0,  0,  0,  0,  0,  0,
  0,  0,  0,  0,  0,  0,  0,  0,  0,  0,  0,  0,
  0,  0,  0,  0,  0,  0,  0,  0,  0,  0,  0,  0,

A
4,4,4,
4,4,4,
5,5,5,
5,5,5,
5,5,5,
5,5,5,
B
  0,  0,  0,  0,  0,  0,  0,  0,  0,  0,  0,  0,
  0,  0,  0,  0,  0,  0,  0,  0,  0,  0,  0,  0,
  0,  0,  0,  0,  0,  0,  0,  0,  0,  0,  0,  0,
140,140,140,140,140,140,140,140,140,140,140,140,
127,  0,  0,  0,  0,  0,  0,  0,  0,  0,  0,  0,
127,  0,  0,  0,  0,  0,  0,  0,  0,  0,  0,  0,
127,  0,  0,  0,  0,  0,  0,  0,  0,  0,  0,  0,
127,  0,  0,  0,  0,  0,  0,  0,  0,  0,  0,  0,
127,  0,  0,  0,  0,  0,  0,  0,  0,  0,  0,  0,
127,  0,  0,  0,  0,  0,  0,  0,  0,  0,  0,  0,
127,  0,  0,  0,  0,  0,  0,  0,  0,  0,  0,  0,
127,  0,  0,  0,  0,  0,  0,  0,  0,  0,  0,  0,
C
  0,  0,  0,  0,  0,  0,  0,  0,  0,  0,  0,  0,
  0,  0,  0,  0,  0,  0,  0,  0,  0,  0,  0,  0,
  0,  0,  0,  0,  0,  0,  0,  0,  0,  0,  0,  0,
 44, 44, 44, 44, 45,  0,  0, 46, 44, 44, 44, 44,
  0,  0,  0,  0,  0,  0,  0,  0,171,  0,  0,  0,
  0,  0,168,  0,  0,  0,  0,  0,  0,  0,  0,  0,
 58, 59, 74, 74, 60, 61,  0,168,  0,  0,  0,161,
 62, 63, 75, 75, 64, 65,  0,  0,  0,  0,  0,  0,
 66, 67, 76, 76, 68, 69,  0,  0,171,  0,  0,  0,
 70, 71, 77, 77, 72, 73,  0,  0,  0,  0,  0,  0,
 57,  0,  0,  0,  0,  0,  0,  0,  0,  0,157,  0,
 57,  0,170,  0,  0,  0,  0,  0,  0,  0,  0,175,

A
4,4,4,
4,4,4,
4,4,4,
4,4,4,
4,4,4,
4,4,4,
B
  0,  0,  0,  0,  0,  0,  0,  0,  0,  0,  0,  0,
  0,  0,  0,  0,  0,  0,  0,  0,  0,  0,  0,  0,
  0,  0,  0,  0,  0,  0,  0,  0,  0,  0,  0,  0,
  0,  0,  0,  0,  0,  0,  0,  0,  0,  0,  0,  0,
  0,  0,  0,  0,  0,  0,  0,  0,  0,  0,  0,  0,
  0,  0,  0,  0,  0,  0,  0,  0,  0,  0,  0,  0,
  0,  0,  0,  0,  0,  0,  0,  0,  0,  0,  0,  0,
  0,  0,  0,  0,  0,  0,  0,  0,  0,  0,  0,  0,
  0,  0,  0,  0,  0,  0,  0,  0,  0,  0,  0,  0,
  0,  0,  0,  0,  0,  0,  0,  0,  0,  0,  0,  0,
  0,  0,  0,  0,  0,  0,  0,  0,  0,  0,  0,  0,
  0,  0,  0,  0,  0,  0,  0,  0,  0,  0,  0,  0,

A
4,4,4,
4,4,4,
4,4,4,
4,4,4,
4,4,4,
4,4,4,
B
  0,  0,208,  0,  0,  0,  0, 42, 39, 39, 39, 39,
  0,  0,  0,  0,  0,  0,  0,  0,  0,  0,209,  0,
  0,  0,  0,161,  0,  0,  0,  0,  0,  0,  0,  0,
  0,  0,  0,  0,  0,  0,  0,  0,  0,  0,  0,  0,
  0,  0,  0,  0,  0, 28, 29, 29, 29, 29, 29, 29,
  0,168,  0,  0,  0,  0,  0,  0,  0,  0,  0,  0,
  0,  0,  0,  0,  0,  0,  0,209,  0,  0,  0,  0,
164,  0,  0,  0,  0,  0,  0,  0,162,  0,  0,159,
  0,  0,  0,  0,  0,  0,  0,  0,  0,  0,  0,  0,
147,147,147,147,147,147,147,147,147,147,147,147,
  0,  0,  0,  0,  0,  0,  0,  0,  0,  0,  0,  0,
  0,  0,  0,  0,  0,  0,  0,  0,  0,  0,  0,  0,

A
4,4,4,
4,4,4,
4,4,4,
4,4,4,
4,4,4,
4,4,4,
B
147,147,147,147,147,147,147,147,147,147,147,147,
188,188,188,188,188,188,188,188,188,188,188,188,
187,187,187,187,187,187,187,187,187,187,187,187,
147,147,147,147,147,147,147,147,147,147,147,147,
  0,  0,162,  0,  0,  0,  0,  0,167,  0,  0,  0,
  0,  0,  0,  0,  0,  0,  0,  0,  0,  0,  0,  0,
  0,  0,  0,  0,  0,  0,  0, 40, 39,172,173, 39,
  0,167,  0,  0,  0,  0,  0, 38,  0, 36, 37,  0,
  0,  0,  0,  0,  0,  0,168, 42, 39,172,173, 39,
  0,  0,  0,  0,  0,  0,  0, 88,  0, 36, 37,  0,
  0,  0,  0,  0,  0,  0,  0, 40, 39,172,173, 39,
  0,  0,  0,  0,159,  0,  0, 38,  0, 36, 37,  0,
C
  0,  0,  0,  0,  0,  0,  0,  0,  0,  0,  0,  0,
  0,  0,  0,  0,  0,  0,  0,  0,  0,  0,  0,  0,
  0,  0,  0,  0,  0,  0,  0,  0,  0,  0,  0,  0,
  0,  0,  0,  0,  0,  0,  0,  0,  0,  0,  0,  0,
  0,  0,  0,  0,  0,  0,  0,  0,  0,  0,  0,  0,
  0,  0,  0,  0,  0,  0,  0,  0,  0,  0,  0,  0,
  0,  0,  0,  0,  0,  0,  0,  0,  0, 34, 35,  0,
  0,  0,  0,  0,  0,  0,  0,  0,  0,  0,  0,  0,
  0,  0,  0,  0,  0,  0,  0,  0,  0, 34, 35,  0,
  0,  0,  0,  0,  0,  0,  0,  0,  0,  0,  0,  0,
  0,  0,  0,  0,  0,  0,  0,  0,  0, 34, 35,  0,
  0,  0,  0,  0,  0,  0,  0,  0,  0,  0,  0,  0,

A
4,4,4,
4,4,4,
4,4,4,
4,4,4,
4,4,4,
4,4,4,
B
  0,148,  0,  0,  0,  0,  0,  0,  0,  0,  0,  0,
  0,148,  0,  0,  0,152,147,147,147,147,147,147,
  0,148,  0,  0,  0,148,  0,  0,  0,164,  0,  0,
  0,148,  0, 58, 59,148, 61,  0,  0,  0,  0,  0,
  0,148,  0, 62, 63, 64, 65,  0,  0,  0,  0,  0,
  0,148,  0, 66, 67, 68, 69,  0,  0,  0,  0,  0,
  0,148,  0, 70, 71, 72, 73,  0,  0,162,  0,  0,
  0,148,159,  0,  0,  0,  0,  0,  0,  0,  0,  0,
  0,149,147,147,147,147,147,147,147,147,147,147,
  0,175,  0,  0,  0,  0,  0,  0,  0,  0,  0,  0,
  0,  0,  0,  0,  0,  0,  0,  0,  0,  0,  0,  0,
  0,  0,  0,  0,160,  0,  0,  0,  0,  0,  0,  0,
C
  0,  0,  0,  0,  0,  0,  0,  0,  0,  0,  0,  0,
  0,  0,  0,  0,  0,  0,  0,  0,  0,  0,  0,  0,
  0,  0,  0,  0,  0,  0,  0,  0,  0,  0,  0,  0,
  0,  0,  0,  0,  0, 60,  0,  0,  0,  0,  0,  0,
  0,  0,  0,  0,  0,  0,  0,  0,  0,  0,  0,  0,
  0,  0,  0,  0,  0,  0,  0,  0,  0,  0,  0,  0,
  0,  0,  0,  0,  0,  0,  0,  0,  0,  0,  0,  0,
  0,  0,  0,  0,  0,  0,  0,  0,  0,  0,  0,  0,
  0,  0,  0,  0,  0,  0,  0,  0,  0,  0,  0,  0,
  0,  0,  0,  0,  0,  0,  0,  0,  0,  0,  0,  0,
  0,  0,  0,  0,  0,  0,  0,  0,  0,  0,  0,  0,
  0,  0,  0,  0,  0,  0,  0,  0,  0,  0,  0,  0,

A
4,4,4,
4,4,4,
4,4,4,
4,4,4,
4,4,4,
4,4,4,
B
 78, 79, 73,  0,148,  0,  0,  0,  0,  0,  0,  0,
  0,  0,  0,  0,148,  0,160,  0,  0,  0,  0,  0,
  0,  0,  0,  0,148,  0,  0,  0,175,  0,  0,  0,
  0,  0,159,  0,148,  0,  0,  0,  0,  0,  0,  0,
  0,  0,  0,  0,148,  0,  0,  0,  0,  0,  0,  0,
  0,  0,  0,  0,148,  0,  0, 46, 44, 44, 44, 44,
  0,  0,  0,  0,148,  0,  0,  0,  0,  0,  0,  0,
  0,152,147,147,150,  0,  0,  0,  0,  0,  0,  0,
  0,148,  0,  0,  0,  0,  0,  0,  0,162,  0,  0,
  0,148,  0,  0,  0,  0,  0,  0,  0,  0,  0,  0,
  0,148,161,  0,  0,  0,  0,  0,  0,  0,  0,  0,
  0,148,  0,  0,  0,  0,  0,166,  0,  0,  0,  0,

A
4,4,4,
4,4,4,
4,4,4,
4,4,4,
4,4,4,
4,4,4,
B
  0,  0,  0,  0,  0,  0,  0,  0,157,  0,  0,  0,
 48, 48, 48, 48, 48, 48, 48, 48, 48, 48, 48, 48,
  0,  0,168,  0,  0,  0,  0,  0,  0,  0,  0,159,
  0,  0,  0,  0,  0,  0,  0,152,147,147,147,147,
  0,  0,  0,  0,  0,  0,  0,148, 62, 63, 64, 65,
  0,160,  0,  0,  0,  0,  0,148, 66, 67, 68, 69,
  0,  0,  0,  0,  0,  0,  0,148, 70, 71, 72, 73,
147,147,147,147,151,161,  0,149,147,147,147,147,
  0,  0,  0,  0,148,  0,  0,  0,  0,  0,  0,  0,
 59, 60, 61,  0,148,  0,  0,168,  0,  0,  0,  0,
 63, 64, 65,  0,148,  0,  0,  0,  0,  0,  0,  0,
 67, 68, 69,  0,148,  0,  0,  0,  0,162,  0,  0,
C
  0,  0,  0,  0,  0,  0,  0,  0,  0,  0,  0,  0,
  0,  0,  0,  0,  0,  0,  0,  0,  0,  0,  0,  0,
  0,  0,  0,  0,  0,  0,  0,  0,  0,  0,  0,  0,
  0,  0,  0,  0,  0,  0,  0,  0, 58, 59, 60, 61,
  0,  0,  0,  0,  0,  0,  0,  0,  0,  0,  0,  0,
  0,  0,  0,  0,  0,  0,  0,  0,  0,  0,  0,  0,
  0,  0,  0,  0,  0,  0,  0,  0,  0,  0,  0,  0,
  0,  0,  0,  0,  0,  0,  0,  0,  0,  0,  0,  0,
  0,  0,  0,  0,  0,  0,  0,  0,  0,  0,  0,  0,
  0,  0,  0,  0,  0,  0,  0,  0,  0,  0,  0,  0,
  0,  0,  0,  0,  0,  0,  0,  0,  0,  0,  0,  0,
  0,  0,  0,  0,  0,  0,  0,  0,  0,  0,  0,  0,

A
4,4,4,
4,4,4,
4,4,4,
4,4,4,
4,4,4,
4,4,4,
B
  0,  0,  0,  0,  0,  0,  0,  0,  0,  0,  0,  0,
  0,  0,  0,  0,  0,  0,  0,  0,  0,  0,  0,161,
  0, 58, 59, 60, 61,  0,  0,  0,156,130,  0,  0,
  0, 62, 63, 64, 65,  0,  0,  0,133, 31,175,  0,
  0, 66, 67, 68, 69,  0,  0,  0,  0,131,  0,  0,
155, 70, 71, 72, 73,  0,  0,  0,  0,  0,  0,  0,
  0,  0,  0,  0,  0,  0, 58, 59, 60, 61,  0,  0,
  0,  0,  0,  0,156,  0, 62, 63, 64, 65,  0,  0,
 58, 59, 60, 61,  0,  0, 66, 67, 68, 69,  0, 58,
 62, 63, 64, 65,  0,  0, 70, 71, 72, 73,155, 62,
 66, 67, 68, 69,  0,  0,  0,  0,  0,  0,  0, 66,
 70, 71, 72, 73,161,162,  0,  0,  0,  0,  0, 70,

