A
2,2,2,
2,2,2,
2,2,2,
2,2,2,
2,2,2,
2,2,2,
B
  0,  0,  0,  0,  0,  0,  0,  0,  0,  0,  0,  0,
  0,  0,  0,  0,  0,  0,  0,  0,  0,  0,  0,  0,
  0,  0,  0,  0,  0,  0,  0,  0,  0,  0,  0,  0,
  0,  0,  0,  0,  0,  0,  0,  0,  0,  0,  0,  0,
  0,  0,  0,  0,  0,  0,  0,  0,  0,  0,  0,  0,
  0,  0,  0,  0,  0,  0,  0,  0,  0,  0,  0,  0,
  0,  0,  0,  0,  0,  0,  0,  0,  0,  0,  0,  0,
  0,  0,  0,  0,  0,  0,  0,  0,  0,  0,  0,  0,
  0,  0,  0,  0,  0,  0,  0,  0,  0,  0,  0,  0,
  0,  0,  0,  0,  0,  0,  0,  0,  0,  0,  0,  0,
  0,  0,  0,  0,  0,  0,  0,  0,  0,  0,  0,  0,
  0,  0,  0,  0,  0,  0,  0,  0,  0,  0,  0,  0,

A
5,5,5,
5,5,5,
5,5,5,
2,2,2,
2,2,2,
2,2,2,
B
138,  0,  0,  0,  0,  0,  0,  0,  0,  0,  0,196,
188,  0,  0,189,  0,  0,  0,  0,  0,208,  0,198,
205,  0,208,  0,  0,  0,187,  0,  0,  0,  0,206,
205,187,  0,  0,  0,  0,  0,  0,189,  0,  0,206,
205,  0,187,  0,208,  0,  0,  0,  0,  0,  0,198,
138,173,138,173,138,203,203,173,138,173,138,173,
107,107,  0,209,  0,203,209,  0,  0,190,  0,209,
209,  0,209,  0,  0,209,  0,209,  0,  0,209,  0,
  0,209,  0,209,208,189,  0,  0,  0,209,  0,198,
 95, 95, 95,  0,  0,  0,209,  0,209, 95, 95, 95,
  0,  0,  0,  0,  0,  0,  0,  0,  0,  0,  0,  0,
  0,  0,  0,  0,  0,  0,  0,  0,  0,  0,  0,  0,
C
  0,  0,  0,  0,  0,  0,  0,  0,  0,  0,  0,  0,
  0,  0,  0,  0,  0,  0,  0,  0,  0,  0,  0,  0,
205,  0,  0,  0,  0,  0,  0,  0,  0,  0,  0,  0,
205,  0,  0,  0,  0,  0,  0,  0,  0,  0,  0,  0,
205,  0,  0,  0,  0,  0,  0,  0,  0,  0,  0,  0,
  0,  0,  0,  0,  0,  0,  0,  0,  0,  0,  0,  0,
  0,  0,  0,  0,  0,  0,  0,  0,  0,  0,  0,  0,
  0,  0,  0,  0,  0,  0,  0,  0,  0,  0,  0,  0,
  0,  0,  0,  0,  0,  0,  0,  0,  0,  0,  0,  0,
  0,  0,  0,  0,  0,  0,  0,  0,  0,  0,  0,  0,
  0,  0,  0,  0,  0,  0,  0,  0,  0,  0,  0,  0,
  0,  0,  0,  0,  0,  0,  0,  0,  0,  0,  0,  0,

A
1,1,1,
1,1,1,
5,5,5,
5,5,5,
5,5,5,
5,5,5,
B
  0,  0,  0,187,  0,  0,208,  0,  0,  0,  0,  0,
189,  0,  0,  0,  0,  0,  0,  0,  0,187,  0,  0,
  0,  0,  0,  0,  0,  0,  0,  0,189,  0,  0,  0,
  0,187,  0,  0,107,107,107,107,107,107,107,107,
205,  0,  0,  0,  0,  0,  0,  0,189,  0,  0,206,
205,  0,190,  0,  0,208,  0,  0,  0,  0,  0,173,
138,  0,  0,  0,  0,  0,  0,189,  0,  0,  0,196,
188,  0,  0,208,  0,  0,  0,  0,  0,  0,  0,198,
205,  0,  0,  0,189,  0,  0,  0,  0,  0,  0,206,
205,191,  0,  0,  0,  0,187,  0,  0,189,  0,206,
205,  0,195,  0,  0,  0,  0,  0,  0,  0,  0,198,
205,  0,  0,  0,  0,  0,208,  0,  0,  0,  0,173,
C
  0,  0,  0,  0,  0,  0,  0,  0,  0,  0,  0,  0,
  0,  0,  0,  0,  0,  0,  0,  0,  0,  0,  0,  0,
  0,  0,  0,  0,  0,  0,  0,  0,  0,  0,  0,  0,
  0,  0,  0,  0,  0,  0,  0,  0,  0,  0,  0,  0,
  0,  0,  0,  0,  0,  0,  0,  0,  0,  0,  0,101,
  0,  0,  0,  0,  0,  0,  0,  0,  0,  0,  0,  0,
  0,  0,  0,  0,  0,  0,  0,  0,  0,  0,  0,  0,
  0,  0,  0,  0,  0,  0,  0,  0,  0,  0,  0,  0,
  0,  0,  0,  0,  0,  0,  0,  0,  0,  0,  0,  0,
  0,  0,  0,  0,  0,  0,  0,  0,  0,  0,  0,  0,
  0,  0,  0,  0,  0,  0,  0,  0,  0,  0,  0,  0,
  0,  0,  0,  0,  0,  0,  0,  0,  0,  0,  0,  0,

A
1,1,1,
1,1,1,
1,1,1,
1,1,1,
1,1,1,
1,1,1,
B
179,179,179,179,179,179,179,179,179,179,179,179,
107,107,107,  0,  0,187,  0,  0,  0,  0,  0,191,
  0,189,  0,  0,  0,  0,  0,  0,  0,  0,  0,  0,
  0,  0,  0,  0,  0,  0, 50, 50, 50, 50, 50, 50,
107,  0,  0,  0,187,  0, 50, 50, 50, 50, 50, 50,
  0,  0,  0,  0,  0,  0, 71,160,161,162, 47, 47,
  0,  0,  0,  0,  0,190, 71,163,164,165, 47, 47,
107,107,  0,187,  0,  0,  0,  0,  0,  0,  0,207,
  0,  0,  0,  0,  0,  0,  0,  0,189,  0,  0,  0,
  0,187,  0,  0,  0,  0,187,  0,  0,  0,193,  0,
107,107,107,  0,  0,  0,  0,  0,  0,107,107,107,
  0,  0,  0,  0,  0,  0,  0,  0,  0,  0,  0,111,
C
  0,  0,  0,  0,  0,  0,  0,  0,  0,  0,  0,  0,
  0,  0,  0,  0,  0,  0,  0,  0,  0,  0,  0,  0,
  0,  0,  0,  0,  0,  0,  0,  0,  0,  0,  0,  0,
  0,  0,  0,  0,  0,  0,105,  0,  0,  0,  0,105,
  0,  0,  0,  0,  0,  0,  0,  0,  0,  0,  0,  0,
  0,  0,  0,  0,  0,  0,  0,115,116,117,104,103,
  0,  0,  0,  0,  0,  0,  0,118,119,120,  0,  0,
  0,  0,  0,  0,  0,  0,  0,  0,  0,  0,  0,  0,
  0,  0,  0,  0,  0,  0,  0,  0,  0,  0,  0,  0,
  0,  0,  0,  0,  0,  0,  0,  0,  0,  0,  0,  0,
  0,  0,  0,  0,  0,  0,  0,  0,  0,  0,  0,  0,
  0,  0,  0,  0,  0,  0,  0,  0,  0,  0,  0,  0,

A
1,1,1,
1,1,1,
1,1,1,
3,3,3,
3,3,3,
3,3,3,
B
  0,  0,  0,  0,  0,  0,  0,  0,187,  0,194,  0,
  0,  0,  0,190,  0,  0,  0,  0,  0,  0,  0,  0,
187,  0,195,  0,  0,  0,189,  0,  0,  0,191,  0,
  0,  0,  0,  0,  0,  0,  0,  0,208,  0,  0,  0,
  0,187,  0,  0,189,  0,  0,  0,  0,  0,193,  0,
  0,  0,  0,  0,  0,  0,187,  0,  0,  0,  0,187,
180,180,180,180,180,180,180,180,180,180,180,180,
127,172,127,127,127,127,127,127,127,172,127,127,
  0,136,  0,  0,  0,141,  0,  0,  0,  0,  0,136,
129,174,129,  0,129,  0,129,  0,129,174,129,  0,
  0,  0,  0,137,  0,  0,  0,  0,195,  0,  0,139,
127,127,172,127,127,127,127,127,127,127,172,127,

A
4,4,4,
3,3,3,
3,3,3,
3,3,3,
1,1,1,
1,1,1,
B
  0,  0,  0,  0,  0,  0,  0,  0,  0,  0,  0,  0,
  0,  0,  0,  0,  0,  0,  0,  0,  0,  0,  0,  0,
180,180,180,180,180,180,180,180,180,180,180,180,
127,127,127,127,127,172,127,127,127,127,127,172,
  0,136,  0,  0,  0,  0,  0,  0,  0,  0,  0,  0,
129,174,129,  0,129,  0,129,  0,129,174,129,  0,
  0,  0,  0,  0,  0,137,  0,  0,  0,  0,  0,136,
172,127,127,127,127,127,127,172,127,127,127,127,
179,179,179,179,179,179,179,179,179,179,179,179,
  0,  0,  0,  0,  0,  0,191,  0,  0,  0,  0,187,
  0,  0,  0,187,  0,  0,  0,  0,189,  0,  0,  0,
189,  0,  0,  0,  0,  0,  0,  0,  0,  0,  0,  0,

A
4,4,4,
4,4,4,
4,4,4,
4,4,4,
4,4,4,
4,4,4,
B
  0,  0,  0,  0,  0,  0,  0,  0,  0,  0,  0,  0,
  0,  0,  0,  0,  0,  0,  0,  0,  0,  0,  0,  0,
  0,  0,  0,  0,  0,  0,  0,  0,  0,  0,  0,  0,
  0,  0,  0,  0,  0,  0,  0,  0,  0,  0,  0,  0,
  0,  0,  0,  0,  0,  0,  0,  0,  0,  0,  0,  0,
  0,  0,  0,  0,  0,  0,  0,  0,  0,  0,  0,  0,
  0,  0,  0,  0,  0,  0,  0,  0,  0,  0,  0,  0,
  0,  0,  0,  0,  0,  0,  0,  0,  0,  0,  0,  0,
  0,  0,  0,  0,  0,  0,  0,  0,  0,  0,  0,  0,
  0,  0,  0,  0,  0,  0,  0,  0,  0,  0,  0,  0,
  0,  0,  0,  0,  0,  0,  0,  0,  0,  0,  0,  0,
  0,  0,  0,  0,  0,  0,  0,  0,  0,  0,  0,  0,

A
3,3,3,
3,3,3,
3,3,3,
4,4,4,
4,4,4,
4,4,4,
B
180,180,180,180,180,180,180,180,180,180,180,180,
131,131,131,172,131,131,131,131,131,131,131,172,
  0,  0,  0,  0,  0,  0,  0,137,  0,  0,  0,  0,
129,136,129,174,129,  0,129,  0,129,  0,129,174,
  0,  0,  0,  0,137,  0,  0,  0,  0,  0,  0,  0,
172,131,131,131,131,131,131,131,172,131,131,131,
179,179,179,179,179,179,179,179,179,179,179,179,
 98, 99,140,  0,  0,  0,  0,  0,190,  0,  0,  0,
  0,  0,  0,  0,192,  0,  0,  0,  0,  0, 96, 97,
  0,187,  0,  0,  0,194,  0,  0,187,  0, 98, 99,
  0,  0,  0,  0,  0,  0,  0,  0,  0,  0,  0,  0,
  0,  0,  0,  0,  0,  0,  0,  0,  0,  0,  0,  0,
C
  0,  0,  0,  0,  0,  0,  0,  0,  0,  0,  0,  0,
  0,  0,  0,  0,  0,  0,  0,  0,  0,  0,  0,  0,
  0,  0,  0,  0,  0,  0,  0,  0,  0,  0,  0,  0,
  0,  0,  0,  0,  0,  0,  0,  0,  0,  0,  0,  0,
  0,  0,  0,  0,  0,  0,  0,  0,  0,  0,  0,  0,
  0,  0,  0,  0,  0,  0,  0,  0,  0,  0,  0,  0,
 96, 97,  0,  0,  0,  0,  0,  0,  0,  0,  0,  0,
  0,  0,  0,  0,  0,  0,  0,  0,  0,  0,  0,  0,
  0,  0,  0,  0,  0,  0,  0,  0,  0,  0,  0,  0,
  0,  0,  0,  0,  0,  0,  0,  0,  0,  0,  0,  0,
  0,  0,  0,  0,  0,  0,  0,  0,  0,  0,  0,  0,
  0,  0,  0,  0,  0,  0,  0,  0,  0,  0,  0,  0,

A
1,1,1,
1,1,1,
1,1,1,
1,1,1,
1,1,1,
1,1,1,
B
  0,  0,  0,  0,  0,  0,  0,  0,  0,  0,191,  0,
  0,  0,  0,  0,  0,  0,  0,  0,  0,  0,  0,  0,
  0,  0,  0,  0,  0,  0,  0,  0,  0,  0,  0,  0,
  0,  0,  0,  0,  0,193,  0,  0,  0,  0,  0,140,
  0,  0,  0,  0,  0,  0,  0,  0,  0,  0,  0,  0,
  0,190,  0,  0,  0,  0,  0,  0,  0,195,  0,  0,
  0,  0,  0,  0,  0,  0,  0,  0,  0,  0,  0,  0,
  0,  0,  0,  0,187,  0,  0,  0,  0,  0,  0,  0,
  0,  0,  0,  0,  0,  0,  0,189,  0,  0,  0,  0,
  0,  0,  0,  0,  0,  0,  0,  0,  0,  0,  0,  0,
  0,  0,  0,  0,  0,  0,  0,  0,194,  0,  0,  0,
  0,193,  0,  0,  0,  0,  0,  0,  0,  0,  0,  0,

A
3,3,3,
3,3,3,
3,3,3,
1,1,1,
1,1,1,
1,1,1,
B
 36,  0,  0,  0,  0,  0,174,  0,  0,  0,  0,191,
136,  0,  0,  0,  0,  0,  0,  0,  0,  0,  0,  0,
  0,  0, 39, 40,  0,140,  0,  0,  6,  7, 92,  1,
  0,190, 41, 42,  0,  0,  0,  0,  8,  9,  2,  3,
187,  0, 43, 44,  0,  0,  0,137, 10, 11,  4,  5,
172,131,131,131,131,131,131,131,172,131,131,131,
179,179,179,179,179,179,179,179,179,179,179,179,
  0,  0,  0,  0,  0,  0,  0,195,  0,  0,  0,  0,
  0,  0,  0,  0,  0,  0,  0,  0,  0,  0,189,  0,
  0,  0,194,  0,  0,  0,  0,  0,  0,  0,  0,  0,
  0,  0,  0,  0,  0,140,  0,  0,  0,  0,  0,  0,
187,  0,  0,  0,  0,  0,  0,  0,  0,  0,  0,  0,

A
0,3,0,
0,3,0,
0,3,0,
0,3,0,
3,3,3,
3,3,3,
B
 99,  0,  0,181,178,178,178,178,182,  0,  0,  0,
  0,  0,187,181,178,178,178,178,182,  0,  0,187,
  0,  0,  0,181,178,178,178,178,182,  0,  0, 96,
  0,187,  0,181,125,140,  0,125,182,  0,195, 98,
  0,  0,  0,181,172,  0,  0,125,182,  0,  0,  0,
  0,  0,194,181,125,  0,  0,125,182,  0,  0,  0,
  0,  0,101,181,125,  0,  0,125,182,  0,  0,  0,
100,100,100,183,131,131,131,131,184,100,100,100,
172,131,131,  0,137,  0,  0,  0,  0,131,131,131,
  0,  0,  0,  0,  0,  0,  0,  0,  0,  0,  0,  0,
 32,  0,  0,  0,  0,  0,  0,  0,  0,  0,136,  0,
 34,  0,  0,  0,  0,  0,  0,  0,  0,  0,  0,189,

A
3,3,3,
0,3,0,
0,3,0,
0,3,0,
0,3,0,
0,3,0,
B
  0,  0,  0,  0,  0,  0,  0,  0,  0,  0,  0,  0,
172,131,131,  0,  0,  0,174,  0,  0,131,172,131,
179,179,179,185,131,131,131,131,186,179,179,179,
  0,  0,189,181,125,134,135,125,182,191,195, 96,
  0,  0,  0,181,125,  0,  0,125,182,  0,  0, 98,
  0,  0,187,181,125,  0,  0,172,182,  0,  0,  0,
  0,194,  0,181,125,  0,  0,125,182,  0,  0,  0,
190,  0,193,181,125,187,  0,125,182,187,  0,  0,
  0,  0,  0,181,172,  0,  0,125,182,  0,  0,  0,
187,  0,  0,181,125,  0,  0,125,182,  0,  0,187,
  0,  0,  0,181,125,  0,  0,125,182,  0,  0,  0,
 97,  0,  0,181,125,192,  0,125,182,  0,140,  0,

A
3,3,3,
3,3,3,
3,3,3,
3,3,3,
3,3,3,
3,3,3,
B
  0,  0,  0,  0,  0,  0,  0,  0,  0,  0,  0,  0,
  0,  0,  0,  0,  0,  0,  0,  0,  0,  0,  0,  0,
  0,  0,  0,  0,  0,  0,  0,  0,  0,  0,  0,  0,
  0,  0,  0,  0,  0,  0,  0,  0,  0,  0,  0,  0,
  0,  0,  0,  0,  0,  0,  0,  0,  0,  0,  0,  0,
  0,  0,  0,  0,  0,  0,  0,  0,  0,  0,  0,  0,
  0,  0,  0,  0,  0,  0,  0,  0,  0,  0,  0,  0,
  0,  0,  0,  0,  0,  0,  0,  0,  0,  0,  0,  0,
  0,  0,  0,  0,  0,  0,  0,  0,  0,  0,  0,  0,
  0,  0,  0,  0,  0,  0,  0,  0,  0,  0,  0,  0,
  0,  0,  0,  0,  0,  0,  0,  0,  0,  0,  0,  0,
  0,  0,  0,  0,  0,  0,  0,  0,  0,  0,  0,  0,

A
1,1,1,
1,1,1,
1,1,1,
1,1,1,
3,3,3,
3,3,3,
B
 91,  0,  0, 69,151,152,153,164,164, 54, 54, 54,
  0,  0,191,172,  0,  0,  0,  0,  0,  0,172,  0,
  0,  0,  0,  0,  0,  0,  0,187,  0,  0,  0,190,
  0,  0,  0,  0,189,  0,  0,  0,195,  0,  0,  0,
  0,187,194,  0,  0,  0,192,  0,  0,  0,  0, 86,
  0,  0,  0,  0,  0,  0,  0,  0,  0,187,  0, 87,
 91, 91, 91, 91, 91,  0,  0,  0,194,  0,  0,189,
180,180,180,180,180,180,180,180,180,180,180,180,
127,172,127,127,127,127,127,127,127,127,172,127,
  0,  0,  0,136,  0,  0,  0,  0,137,  0,  0,  0,
  0,  0,  0,  0,  0,  0,  0,  0,  0,  0,  0,  0,
  0,  0,  0,  0,  0,  0,  0,  0,  0,  0,  0,  0,
C
  0,  0,  0,  0, 48,114, 49, 46, 45,  0,113,  0,
  0,  0,  0,  0,  0,  0,  0,  0,  0,  0,  0,  0,
  0,  0,  0,  0,  0,  0,  0,  0,  0,  0,  0,  0,
  0,  0,  0,  0,  0,  0,  0,  0,  0,  0,  0,  0,
  0,  0,  0,  0,  0,  0,  0,  0,  0,  0,  0,  0,
  0,  0,  0,  0,  0,  0,  0,  0,  0,  0,  0,  0,
  0,  0,  0,  0,  0,  0,  0,  0,  0,  0,  0,  0,
  0,  0,  0,  0,  0,  0,  0,  0,  0,  0,  0,  0,
  0,  0,  0,  0,  0,  0,  0,  0,  0,  0,  0,  0,
  0,  0,  0,  0,  0,  0,  0,  0,  0,  0,  0,  0,
  0,  0,  0,  0,  0,  0,  0,  0,  0,  0,  0,  0,
  0,  0,  0,  0,  0,  0,  0,  0,  0,  0,  0,  0,

A
5,5,5,
5,5,5,
5,5,5,
1,1,1,
1,1,1,
1,1,1,
B
  0,  0,  0,  0,  0,  0,  0,187,193,  0,  0,  0,
187,  0,  0,  0,  0,  0,  0,  0,  0,  0,  0,  0,
  0,  0,  0,  0,  0,  0,  0,  0,  0,194,  0,  0,
 91, 91, 91, 91,  0,  0,  0,  0,  0, 91, 91, 91,
187,  0,  0,190,  0,  0,  0,  0,195,  0, 92,  1,
  0,  0,  0,  0,189,  0,  0,  0,  0,  0,  2,  3,
  0,187,  0,  0,  0,  0,  0,  0,  0,  0,  4,  5,
  0,  0,  0,  0,  0,  0,194,  0,  0,  0,  0,  0,
187,  0,  0,  0,  0,  0,  0,  0,  0,  0,  0,  0,
  0,  0,194, 50, 50, 50, 50, 50, 50, 50, 50, 50,
  0,  0,  0, 50, 50, 50, 50, 50, 50, 50, 50, 50,
  0,187,  0, 69,148,149,150, 54, 54, 54, 54, 54,
C
  0,  0,  0,  0,  0,  0,  0,  0,  0,  0,  0,  0,
  0,  0,  0,  0,  0,  0,  0,  0,  0,  0,  0,  0,
  0,  0,  0,  0,  0,  0,  0,  0,  0,  0,  0,  0,
  0,  0,  0,  0,  0,  0,  0,  0,  0,  0,  0,  0,
  0,  0,  0,  0,  0,  0,  0,  0,  0,  0,  0,  0,
  0,  0,  0,  0,  0,  0,  0,  0,  0,  0,  0,  0,
  0,  0,  0,  0,  0,  0,  0,  0,  0,  0,  0,  0,
  0,  0,  0,  0,  0,  0,  0,  0,  0,  0,  0,  0,
  0,  0,  0,  0,  0,  0,  0,  0,  0,  0,  0,  0,
  0,  0,  0,105,  0,  0,  0,  0,  0,  0,105,  0,
  0,  0,  0,  0,  0,  0,  0,  0,  0,  0,  0,  0,
  0,  0,  0,  0, 88, 89, 90, 67, 68,  0,113, 61,

A
5,5,5,
5,5,5,
5,5,5,
5,5,5,
5,5,5,
5,5,5,
B
  0,  0,  0,  0,  0,  0,193,  0,  0,  0,  0,  0,
  0,  0,  0,  0,195,  0,  0,  0,  0,  0,  0,  0,
187,  0,  0,  0,  0,  0,  0,  0,  0,  0,  0,  0,
  0,  0,  0,  0, 91, 91, 91, 91,  0,194,  0,  0,
  0,  0,  0,  0,  0,  0,  0,  0,  0,  0,  0,  0,
  0,  0,  0,  0,  0,  0,  0,189,  0,  0,  0,  0,
  0,  0,  0,190,  0,  0,  0,  0,  0,  0,  0,  0,
  0,  0,  0,  0,  0,  0,  0,  0,  0,  0,  0,  0,
  0,  0,  0,  0,  0,  0,  0,  0,  0,  0,  0,  0,
  0,  0, 91, 91, 91, 91, 91,  0,  0,191,  0,  0,
  0,  0,  0,  0,  0,  0,  0,  0,  0,  0,  0,  0,
  0,  0,  0,  0,  0,  0,  0,  0,  0,  0,  0,  0,

A
5,5,5,
5,5,5,
5,5,5,
5,5,5,
5,5,5,
5,5,5,
B
204,204,204,204,204,204,204,204,204,204,204,204,
  0,189,  0,  0,  0,  0,  0,  0,  0,  0,  0,  0,
  0,  0,  0,  0,193,  0,  0,  0,  0,  0,  0,  0,
  0,  0,  0,  0,  0,  0,  0,  0,  0,  0,  0,  0,
  0,  0,  0,194,  0,  0,  0,  0,  0,  0,  0,  0,
191,  0,  0,  0,  0,  0,  0,  0,  0, 91, 91, 91,
  0,  0,  0,  0,  0,  0,  0,  0,  0,  0,  0,  0,
 91, 91, 91, 91,  0,  0,  0,  0,  0,  0,  0,  0,
  0,  0,  0,  0,  0,  0,187,  0,  0,191,  0,  0,
  0,  0,  0,  0,  0,  0,  0,  0, 91, 91, 91, 91,
  0,  0,  0,  0,  0,  0,  0,  0,  0,  0,190,  0,
  0,  0,  0,194,  0,  0,  0,  0,  0,  0,  0,  0,
C
  0,  0,  0,  0, 91, 91, 91, 91, 91,  0,  0,  0,
  0,  0,  0,  0,  0,  0,  0,  0,  0,  0,  0,  0,
  0,  0,  0,  0,  0,  0,  0,  0,  0,  0,  0,  0,
  0,  0,  0,  0,  0,  0,  0,  0,  0,  0,  0,  0,
  0,  0,  0,  0,  0,  0,  0,  0,  0,  0,  0,  0,
  0,  0,  0,  0,  0,  0,  0,  0,  0,  0,  0,  0,
  0,  0,  0,  0,  0,  0,  0,  0,  0,  0,  0,  0,
  0,  0,  0,  0,  0,  0,  0,  0,  0,  0,  0,  0,
  0,  0,  0,  0,  0,  0,  0,  0,  0,  0,  0,  0,
  0,  0,  0,  0,  0,  0,  0,  0,  0,  0,  0,  0,
  0,  0,  0,  0,  0,  0,  0,  0,  0,  0,  0,  0,
  0,  0,  0,  0,  0,  0,  0,  0,  0,  0,  0,  0,

A
2,2,2,
2,2,2,
2,2,2,
2,2,2,
2,2,2,
2,2,2,
B
  0,  0,  0,  0,  0,  0,  0,  0,  0,  0,  0,  0,
  0,  0,  0,  0,  0,  0,  0,  0,  0,  0,  0,  0,
  0,  0,  0,  0,  0,190,  0,  0, 91, 91, 91, 91,
  0,  0,  0,  0,  0,193,  0,  0,201,201,201,201,
 91, 91, 91, 91,  0,  0,193,  0,  0,192,  0,202,
202,201,201,201,139,  0,  0,189,  0,  0,192,202,
202,197,  0,  0,  0,  0,  0,  0,139,  0,193,202,
202,  0,139,  0,  0,141,  0,  0,  0,  0,192,202,
202,  0,  0,193,  0,  0,  0,139,  0,  0,  0,202,
202,139,  0,197,  0,  0,192,  0,192,  0,  0,202,
202,  0,  0,  0,  0,197,  0,  0,  0,  0,197,202,
201,201,201,201,201,201,201,201,201,201,201,201,
C
  0,  0,  0,  0,  0,  0,  0,  0,  0,  0,  0,  0,
  0,  0,  0,  0,  0,  0,  0,  0,  0,  0,  0,  0,
  0,  0,  0,  0,  0,  0,  0,  0,  0,  0,  0,  0,
  0,  0,  0,  0,  0,  0,  0,  0,  0,  0,  0,  0,
  0,  0,  0,  0,  0,  0,  0,  0,  0,  0,  0,  0,
  0,  0,  0,  0,  0,  0,  0,  0,  0,  0,  0,  0,
  0,  0,  0,  0,  0,  0,  0,  0,  0,  0,  0,  0,
  0,  0,  0,  0,  0,  0,  0,  0,  0,  0,  0,  0,
  0,  0,  0,  0,  0,  0,  0,  0,  0,  0,  0,  0,
  0,  0,  0,  0,  0,  0,  0,  0,  0,  0,  0,  0,
  0,  0,  0,  0,  0,  0,  0, 96, 97,  0,  0,  0,
  0,  0,  0,  0,  0,  0,  0, 98, 99,  0,  0,  0,

A
2,2,2,
2,2,2,
2,2,2,
2,2,2,
2,2,2,
2,2,2,
B
  0,  0,  0,  0,  0,  0,  0,  0,  0,  0,  0,  0,
  0,  0,  0,  0,  0,  0,  0,  0,  0,  0,  0,  0,
  0,  0,  0,  0,  0,  0,  0,  0,  0,  0,  0,  0,
  0,  0,  0,  0,  0,  0,  0,  0,  0,  0,  0,  0,
  0,  0,  0,  0,  0,  0,  0,  0,  0,  0,  0,  0,
  0,  0,  0,  0,  0,  0,  0,  0,  0,  0,  0,  0,
  0,  0,  0,  0,  0,  0,  0,  0,  0,  0,  0,  0,
  0,  0,  0,  0,  0,  0,  0,  0,  0,  0,  0,  0,
  0,  0,  0,  0,  0,  0,  0,  0,  0,  0,  0,  0,
  0,  0,  0,  0,  0,  0,  0,  0,  0,  0,  0,  0,
  0,  0,  0,  0,  0,  0,  0,  0,  0,  0,  0,  0,
  0,  0,  0,  0,  0,  0,  0,  0,  0,  0,  0,  0,

A
5,5,2,
5,5,2,
5,5,5,
5,5,5,
2,2,2,
2,2,2,
B
  0,  0,194,  0,  0,189,  0,206,  0,  0, 96, 97,
  0,  0,  0,  0,  0,  0,  0,206,  0,  0, 98, 99,
  0,  0,  0,  0,  0,  0,  0,206,  0,193,  0,  0,
  0,  0,  0,  0,  0,  0,  0,206,  0,  0,  0,190,
  0,  0,189,  0,  0,  0,  0,  0,204,204,204,204,
  0,  0,  0,  0,194,  0,190,  0,  0,  0,  0,  0,
195,  0,  0,  0,  0,  0,  0,192,  0,  0,187,  0,
 91, 91, 91, 91, 91, 91,203,203, 91, 91, 91, 91,
 84,  0,  0,  0,189,  0,  0,  0,  0,  0,  0, 86,
 85,191,  0,  0,  0,194,  0,  0,192,  0,  0, 87,
  0,  0,  0,  0,  0,  0,  0,  0,  0,  0,  0,  0,
  0,  0,  0,  0,  0,  0,  0,  0,  0,  0,  0,  0,

A
5,2,2,
5,5,2,
5,5,5,
2,5,5,
2,5,5,
5,5,2,
B
  0,189,  0,206,189,  0,  0,  0,  0,  0,  0,  0,
  0,  0,  0,206,  0,  0,  0,  0,  0,  0,191,  0,
  0,  0,  0,  0,204,204,204,196,  0,  0,  0,  0,
187,  0,  0,195,  0,  0,  0,206,190,  0,  0,  0,
 84,  0,  0,  0,  0,  0,  0,  0,204,204,204,204,
 85,203,203,203,  0,189,  0,  0,  0,  0,  0,  0,
  0,  0,  0,193,205,  0,194,  0,  0,  0,  0,  0,
  0,190,  0,  0,205,187,  0,  0,  0,  0,  0,  0,
  0,  0,  0,  0,205,  0,  0,  0,  0,  0,  0,  0,
  0,  0,  0,  0,205,  0,  0,  0,203,203,203,203,
204,204,204,204,  0,  0,  0,206,  0,  0,  0,198,
  0,  0,  0,  0,  0,  0,  0,206,192,  0,191,  0,
C
  0,  0,  0,  0,  0,  0,  0,  0,  0,  0,  0,  0,
  0,  0,  0,101, 95, 95, 95, 95,  0,  0,  0,  0,
  0,  0,  0,  0,  0,  0,  0,  0,  0,  0,  0,  0,
  0,  0,  0,  0,  0,  0,  0,  0, 95, 95, 95, 95,
  0,  0,  0,  0,  0,  0,  0,  0,  0,  0,  0,124,
  0,  0,  0,  0,  0,  0,  0,  0,  0,  0,  0,124,
  0,  0,  0,  0,  0,  0,  0,  0,  0,  0,  0,124,
  0,  0,  0,  0,  0,  0,  0,  0,  0,  0,  0,124,
  0,  0,  0,  0,  0,  0,  0,  0,  0,  0,  0,124,
 95, 95, 95, 95,  0,  0,  0,  0,  0,  0,  0,124,
  0,  0,  0,  0,  0,  0,  0,  0,  0,  0,  0,  0,
  0,  0,  0,  0,  0,  0,  0,  0,  0,  0,  0,  0,

A
5,5,5,
5,5,5,
5,5,5,
2,2,5,
2,5,5,
5,5,5,
B
204,204,204,204,204,204,204,204,204,204,204,204,
  0,  0,  0,  0,  0,  0,  0,  0,  0,  0,186,179,
  0,  0,  0,195,107,107,107,107,  0,  0,184,180,
187,  0,  0,  0,  0,  0,  0,  0,  0,  0,189,  0,
  0,  0,  0,  0,  0,  0,187,  0,  0,  0,  0,  0,
203,203,203,203,203,203,203,203,  0,  0,194,198,
  0,190,  0,  0,  0, 96, 97,  0,205,  0,  0,  0,
  0,  0,  0,  0,  0, 98, 99,  0,205,  0,  0, 86,
  0,  0,  0,193,188,204,204,204,  0,  0,  0, 87,
 95, 95, 95, 95,205,  0,  0,  0,  0,  0,187,  0,
204,204,204,204,  0,  0,  0,  0,  0,  0,  0,  0,
  0,  0,  0,  0,203,203,203,203,203,203,203,203,
C
  0,  0,  0,101,  0,  0,  0,  0,  0,  0,  0,  0,
  0,  0,  0,  0,  0,  0,  0,  0,  0,  0,  0,  0,
  0,  0,  0,  0,  0,  0,  0,  0,  0,  0,  0,  0,
  0,  0,  0,  0,  0,  0,  0,  0,  0,  0,  0,  0,
  0,  0,  0,  0,  0,  0,  0,  0,  0,  0,  0,  0,
  0,  0,  0,  0,  0,  0,  0,  0,  0,  0,  0,  0,
  0,  0,  0,  0,  0,  0,  0,  0,  0,  0,  0,  0,
  0,  0,  0,  0,  0,  0,  0,  0,  0,  0,  0,  0,
  0,  0,  0,  0,  0,  0,  0,  0,  0,  0,  0,  0,
  0,  0,  0,  0,  0,  0,  0,  0,  0,  0,  0,  0,
  0,  0,  0,  0,  0,  0,  0,  0,  0,  0,  0,  0,
  0,  0,  0,  0,  0,  0,  0,  0,  0,  0,  0,  0,

A
1,1,1,
1,1,1,
1,1,1,
1,1,2,
1,2,2,
2,2,2,
B
  0,  0,193,  0,  0,  0,  0,  0,  0,  0,  0,  0,
190,  0,  0,  0,  0,  0,  0,  0,  0,  0,  0,  0,
  0,  0,107,107,107,107,107,107,107,107,  0,  0,
  0,  0,  0,  0,  0,  0,  0,  0,  0,  0,189,  0,
  0,  0,  0,  0,  0,  0,  0,  0,  0,  0,  0,  0,
  0,  0,  0,189,  0,194,  0,  0,203,203,203,173,
  0,  0,  0,  0,  0,  0,  0,206,  0,  0,  0,  0,
 84,  0,  0,  0,203,203,203,173,  0,  0,  0, 86,
 85,  0,  0,206,  0,  0,  0,  0,  0,  0,  0, 87,
203,203,203,173,  0,190,  0,  0,192,  0,  0,  0,
  0,  0,  0,  0,  0,193,  0,  0,  0,  0,  0,  0,
  0,  0,  0,  0,  0,  0,  0,  0,  0,  0,  0,191,
C
  0,  0,  0,  0,  0,  0,  0,  0,  0,  0,  0,  0,
  0,  0,  0,  0,  0,  0,  0,  0,  0,  0,  0,  0,
  0,  0,  0,  0,  0,  0,  0,  0,  0,  0,  0,  0,
  0,  0,  0,  0,  0,  0,  0,  0,  0,  0,  0,  0,
  0,  0,  0,  0,  0,  0,  0,  0,  0,  0,  0,  0,
  0,  0,  0,  0,  0,  0,  0,  0,  0,  0,  0,  0,
  0,  0,  0,  0,  0,  0,  0,  0,  0,  0,  0,  0,
  0,  0,  0,  0,  0,  0,  0,101,  0,  0,  0,  0,
  0,  0,  0,  0,  0,  0,  0,  0,  0,  0,  0,  0,
  0,  0,  0,  0,  0,  0,  0,  0,  0,  0,  0,  0,
  0,  0,  0,  0,  0,  0,  0,  0,  0,  0,  0,  0,
  0,  0,  0,  0,  0,  0,  0,  0,  0,  0,  0,  0,

A
0,0,0,
2,2,1,
2,2,1,
2,2,1,
1,1,1,
1,1,1,
B
  0,  0,  0,  0,  0,  0,  0,  0,  0,  0,  0,  0,
 91, 91, 91, 91, 91, 91, 91, 91, 91, 91, 91, 91,
192,  0,192,  0,192,  0,192,  0,205,  0,  0,195,
  0,192,  0,192,  0,192,  0,192,205,  0,  0,  0,
 84,  0,192,  0,192,  0,192,  0,205,189,  0,198,
 85,192,  0,192,  0,192,  0,192,205,  0,  0,  0,
192,  0,192,  0,192,  0,192,  0,205,194,  0,  0,
  0,192,  0,192,  0,192,191,192,205,  0,  0, 86,
204,204,204,204,204,204,204,204,  0,  0,  0, 87,
107,107,107,189,  0,  0,195,  0,  0,107,107,107,
  0,  0,  0,  0,  0,194,  0,  0,  0,187,  0,  0,
  0,  0,  0,  0,  0,  0,  0,  0,  0,  0,  0,  0,
C
  0,  0,  0,  0,  0,  0,  0,  0,  0,  0,  0,  0,
  0,  0,  0,  0,  0,  0,  0,  0,  0,  0,  0,  0,
  0,  0,  0,  0,  0,  0,  0,  0,101,  0,  0,  0,
  0,  0,  0,  0,  0,  0,  0,  0,  0,  0,  0,  0,
  0,  0,  0,  0,  0, 96, 97,  0,  0,  0,  0,  0,
  0,  0,  0,  0,  0, 98, 99,  0,  0,  0,  0,  0,
  0,  0,  0,  0,  0,  0,  0,  0,  0,  0,  0,  0,
  0,  0,  0,  0,  0,  0,  0,  0,  0,  0,  0,  0,
  0,  0,  0,  0,  0,  0,  0,  0,  0,  0,  0,  0,
  0,  0,  0,  0,  0,  0,  0,  0,  0,  0,  0,  0,
  0,  0,  0,  0,  0,  0,  0,  0,  0,  0,  0,  0,
  0,  0,  0,  0,  0,  0,  0,  0,  0,  0,  0,  0,

A
3,3,3,
3,3,3,
3,3,3,
3,3,3,
3,3,3,
3,3,3,
B
  0,  0,  0,  0,  0,  0,  0,  0,  0,  0,  0,  0,
  0,  0,  0,  0,  0,  0,  0,  0,  0,  0,  0,  0,
  0,  0,  0,  0,  0,  0,  0,  0,  0,  0,  0,  0,
  0,  0,  0,  0,  0,134,135,  0,  0,  0,  0,  0,
  0,  0,  0,  0,  0,  0,  0,  0,  0,  0,  0,  0,
  0,  0,  0,  0,  0,  0,  0,  0,  0,  0,  0,  0,
  0,129,  0,129,174,129,136,129,  0,129,174,129,
  0,136,  0,  0,  0,  0,  0,  0,137,  0,  0,  0,
137,  0,  0,  0,  0,  0,  0,  0,  0,  0,136,  0,
  0,  0,  0,  0,  0,  0,137,  0,  0,  0,  0,  0,
172,127,127,127,127,127,127,127,127,172,127,127,
179,179,179,179,179,179,179,179,179,179,179,179,

