A
2,2,2,
2,2,2,
2,2,2,
2,2,2,
2,2,2,
2,2,2,
B
  0,  0,  0,  0,  0,  0,  0,  0,  0,  0,  0,  0,
  0,  0,  0,  0,  0,  0,  0,  0,  0,  0,  0,  0,
  0,  0,  0,  0,  0,  0,  0,  0,  0,  0,  0,  0,
  0,  0,  0,  0,  0,  0,  0,  0,  0,  0,  0,  0,
  0,  0,  0,  0,  0,  0,  0,  0,  0,  0,  0,  0,
  0,  0,  0,  0,  0,  0,  0,  0,  0,  0,  0,  0,
  0,  0,  0,  0,  0,  0,  0,  0,  0,  0,  0,  0,
  0,  0,  0,  0,  0,  0,  0,  0,  0,  0,  0,  0,
  0,  0,  0,  0,  0,  0,  0,  0,  0,  0,  0,  0,
  0,  0,  0,  0,  0,  0,  0,  0,  0,  0,  0,  0,
  0,  0,  0,  0,  0,  0,  0,  0,  0,  0,  0,  0,
  0,  0,  0,  0,  0,  0,  0,  0,  0,  0,  0,  0,
A
2,2,2,
2,2,2,
2,2,2,
1,2,3,
2,2,2,
2,2,2,
B
177,177,177,186,178,  0,  0,178,186,177,177,177,
177,177,177,186,178,  0,  0,178,186,177,177,177,
185,185,185,186,185,185,185,185,186,185,185,185,
100,101,177,186,177,100,101,177,186,177,100,101,
102,103,177,186,177,102,103,177,186,177,102,103,
185,185,185,186,185,185,185,185,186,185,185,185,
  0,150,  0,  0,  0,  0,  0,182,  0,  0,  0,183,
  0,  0,207,  0,  0,  0,  0,  0,  0,152,  0,  0,
  2,  2,  2,  0,  0,180,  0,  0,  0,  2,  2,  2,
 23, 24,  1, 97,  0,  0,  0,  0,184,  1, 24, 23,
  0,  0,  0,  0,  0,  0,  0,  0,  0,  0,  0,  0,
  0,  0,  0,  0,  0,  0,  0,  0,  0,  0,  0,  0,
C
 63,  0,  0,  0,  0,  0,  0,  0,  0,  0,  0,  0,
 65,  0,  0,  0,  0,  0,  0,  0,  0,  0,  0,  0,
 98, 99,  0,  0,  0, 98, 99,  0,  0,  0, 98, 99,
  0,  0,  0,  0,  0,  0,  0,  0,  0,  0,  0,  0,
  0,  0,  0,  0, 44,  0,  0,  0,  0,  0,  0,  0,
  0,  0,  0,  0,  0,  0,  0,  0,  0,  0,  0,  0,
  0,  0,  0,  0,  0,  0,  0,  0,  0,  0,  0,  0,
  0,  0,  0,  0,  0,  0,  0,  0,  0,  0,  0,  0,
  0,  0,  0,  0,  0,  0,  0,  0,  0,  0,  0,  0,
  0,  0,  0,  0,  0,  0,  0,  0,  0,  0,  0,  0,
  0,  0,  0,  0,  0,  0,  0,  0,  0,  0,  0,  0,
  0,  0,  0,  0,  0,  0,  0,  0,  0,  0,  0,  0,
A
2,2,3,
2,2,2,
2,2,2,
2,3,2,
1,2,2,
2,2,2,
B
177,177,100,101,177,177,177,186,  0,  0,152,  0,
177,177,100,101,177,177,177,186,  0,  0,  0,  0,
177,177,100,101,177,177,177,186,  0,  0,  0,  0,
 96, 96,102,103,177,177,177,186,152,202,202,202,
104,  0,185,185,185,185,185,186,188,203,203,203,
 63,  0,180,186,178,  0,  0,178,186,185,185,185,
 65,152,  0,186,178,  0,  0,178,186,177,177,177,
 63, 62, 63,186,178,  0,  0,178,186,177,177,177,
 65, 64, 65,186,178,  0,  0,178,186,185,185,185,
  0,  0,  0,186,178,  0,  0,178,186,177,177,100,
  0,  0,152,186,178,  0,  0,178,186,177,177,102,
185,185,185,186,178,  0,  0,178,186,185,185,185,
C
  0,  0,  0,  0,  0,  0,  0,  0,  0,  0,  0,  0,
  0,  0,  0,  0,  0,  0,  0,  0,  0,  0,  0,  0,
  0,  0,  0,  0,  0,  0,  0,  0,  0,  0,  0,  0,
  0,  0,  0,  0,  0,  0,  0,  0,  0,  0,  0,  0,
  0,  0,  0,  0,  0,  0,  0,  0,  0,  0,  0,  0,
  0,  0,  0,  0,  0,  0,  0,  0,  0,  0,  0,  0,
  0,  0,  0,  0,  0,  0,  0,  0,  0,  0,  0,  0,
  0,  0,  0,  0,  0,  0,  0,  0,  0,  0,  0,  0,
  0,  0,  0,  0,  0,  0,  0,  0,  0,  0,  0, 98,
  0,  0,  0,  0,  0,  0,  0,  0,  0,  0,  0,  0,
  0,  0,  0,  0,  0,  0,  0,  0,  0,  0,  0,  0,
  0,  0,  0,  0,  0,  0,  0,  0,  0,  0,  0,  0,
A
2,1,2,
2,2,3,
2,2,2,
2,2,2,
3,2,2,
2,2,1,
B
  0,  0,  0,  0,  0,  0,  0,186,  0,  0,  0,  0,
  0,152,  0,  0,  0,  0,183,186,  0,  0,152,  0,
  0,  0,  0,  0,  0,  0,  0,186,  0, 66, 67, 70,
  0,181,  0,  0,152,  0,  0,186,  0, 68, 69, 72,
  0,  0,  0,  0,  0,  0,  0,186,  0,  0,  0,152,
 39, 39, 39, 39,  0,  0,  0,186,  0,  0,  0,  0,
 97,  0,  0,  0,  0,182,  0,186,  0,  0,  0,152,
  0,  0,  0,  0,152,  0,  0,186,  0,180,  0,  0,
  0,  0,  0,  0,  0,  0,183,186,  0,  0,  0,  0,
  0,181,  0,  0,  0,  0,  0,186,152,  0,  0, 97,
 39, 39, 39, 39, 39, 39, 39,186,  0,  0, 39, 39,
185,185,185,185,185,185,185,186,  0,  0,  0,  0,
C
  0,  0,  0,  0,  0,  0,  0,  0,  0,  0,  0,  0,
  0,  0,  0,  0,  0,  0,  0,  0,  0,  0,  0,  0,
  0,  0,  0,  0,  0,  0,  0,  0,  0,  0,  0,  0,
  0,  0,  0,  0,  0,  0,  0,  0,  0,  0,  0,  0,
  0,  0,  0,  0,  0,  0,  0,  0,  0,  0,  0,  0,
  0,  0,  0,  0,  0,  0,  0,  0,  0,  0,  0,  0,
  0,  0,  0,  0,  0,  0,  0,  0,  0,  0,  0,  0,
  0,  0,  0,  0,  0,  0,  0,  0,  0,  0,  0,  0,
  0,  0,  0,  0,  0,  0,  0,  0,  0,  0,  0,  0,
  0,  0,  0,  0,  0,  0,  0,  0,  0,  0,  0,  0,
  0,  0,  0,  0,  0,  0,  0,  0,  0,  0,  0,  0,
  0,  0, 98, 99,  0,  0,  0,  0,  0,  0,  0,  0,
A
3,2,2,
2,1,2,
2,2,2,
2,2,2,
3,3,2,
3,2,2,
B
186,  0,  0,  0,  0,  0,  0,  0,100,101,177,177,
186,  0,  0,180,  0,207,  0,  0,100,101,177,177,
186,179,  0,  0,  0,  0,199,  0,100,101,177,177,
186,  0,  0,  0,  0,  0,  0,  0,102,103,177,177,
186,  0,  0,  0,  0,199,  0,  0,186,185,185,185,
186,  0,  0,  0,  0,  0,  0,  0,186,178,177,177,
186,  0,199,  0,  0,  0,193,  0,186,178,  0,  0,
186,185,185,185,185,185,185,185,186,178,  0,  0,
186,177,100,101,177,177,177,177,186,178,  0,  0,
186,177,102,103,177,177,177,177,186,178,177,177,
189,185,185,185,185,185,185,185,186,185,185,185,
152,  0,  0,182,  0,  0,  0,186,152,  0,  0,  0,
C
 44,  0,  0,  0,  0,  0,  0,  0,  0,  0,  0,  0,
  0,  0,  0,  0,  0,  0,  0,  0,  0,  0,  0,  0,
  0,  0,  0,  0,  0,  0,  0,  0,  0,  0, 70, 71,
  0,  0,  0,  0,  0,  0,  0,  0,  0,  0, 72, 73,
  0,  0,  0,  0,  0,  0,  0,  0,  0,  0,  0,  0,
  0,  0,  0,  0,  0,  0,  0,  0,  0,  0,  0,  0,
  0,  0,  0,  0,  0,  0,  0,  0,  0,  0,  0,  0,
  0,  0, 98, 99,  0,  0,  0,  0,  0,  0,  0,  0,
  0,  0,  0,  0,  0,  0,  0,  0,  0,  0,  0,  0,
  0,  0,  0,  0, 44,  0,  0,  0,  0,  0,  0,  0,
  0,  0,  0,  0,  0,  0,  0,  0,  0,  0,  0,  0,
  0,  0,  0,  0,  0,  0,  0,  0,  0,  0,  0,  0,
A
2,2,2,
2,2,2,
2,3,2,
2,2,2,
2,2,1,
2,2,2,
B
  0,  0,  0,  0,  0,  0,  0,  0,  0,  0,  0,  0,
  0,  0,  0,  0,  0,  0,  0,  0,  0,  0,  0,  0,
  2,  2,  2,  2,  2,  0,  0,  2,  2,  2,  2,  2,
  1, 82,  1,  1, 82,  0,  0, 82,  1,  1, 82,  1,
  1,  1,  1,  1,  1,  0,  0,  1,  1,  1,  1,  1,
  0,  0,  0,  0,  0,  0,  0,  0,  0,  0,  0,  0,
185,185,185,185,185,185,185,185,188,  0,  0,  0,
101,  0,  0,  0,  0,  0,  0,199,186,  0,  0,154,
101,  0,  0,201,  0,  0,150,  0,186,  0,  0,  0,
101,  0,  0,  0,  0,  0,  0,  0,186,  0,199,  0,
101,  0,  0,207,  0,  0,  0,201,189,185,185,185,
103,  0,  0,  0,199,  0,  0,  0,100,101,177,177,
C
  0,  0,  0,  0,  0,  0,  0,  0,  0,  0,  0,  0,
  0,  0,  0,  0,  0,  0,  0,  0,  0,  0,  0,  0,
  0,  0,  0,  0,  0,  0,  0,  0,  0,  0,  0,  0,
  0,  0,  0,  0,  0,  0,  0,  0,  0,  0,  0,  0,
  0,  0,  0,  0,  0,  0,  0,  0,  0,  0,  0,  0,
  0,  0,  0,  0,  0,  0,  0,  0,  0,  0,  0,  0,
 99,  0,  0,  0,  0,  0,  0,  0,  0,  0,  0,  0,
  0,  0,  0,  0,  0,  0,  0,  0,  0,  0,  0,  0,
  0,  0,  0,  0,  0,  0,  0,  0,  0,  0,  0,  0,
  0,  0,  0,  0,  0,  0,  0,  0,  0,  0,  0,  0,
  0,  0,  0,  0,  0,  0,  0,  0, 98, 99,  0,  0,
  0,  0,  0,  0,  0,  0,  0,  0,  0,  0,  0,  0,
A
2,2,2,
2,2,2,
2,2,2,
2,2,2,
2,2,2,
2,2,2,
B
  0,  0,  0,  0,  0,  0,  0,  0,  0,  0,  0,  0,
  0,  0,  0,  0,  0,  0,  0,  0,  0,  0,  0,  0,
  0,  0,  0,  0,  0,  0,  0,  0,  0,  0,  0,  0,
  0,  0,  0,  0,  0,  0,  0,  0,  0,  0,  0,  0,
  0,  0,  0,  0,  0,  0,  0,  0,  0,  0,  0,  0,
  0,  0,  0,  0,  0,  0,  0,  0,  0,  0,  0,  0,
  0,  0,  0,  0,  0,  0,  0,  0,  0,  0,  0,  0,
  0,  0,  0,  0,  0,  0,  0,  0,  0,  0,  0,  0,
  0,  0,  0,  0,  0,  0,  0,  0,  0,  0,  0,  0,
  0,  0,  0,  0,  0,  0,  0,  0,  0,  0,  0,  0,
  0,  0,  0,  0,  0,  0,  0,  0,  0,  0,  0,  0,
  0,  0,  0,  0,  0,  0,  0,  0,  0,  0,  0,  0,
A
2,2,2,
2,2,2,
2,2,2,
2,2,2,
2,2,2,
2,2,2,
B
 89, 92, 92, 92, 92, 90,132,163,142,164,133,159,
 89, 92, 92, 92, 92, 90,132,163,142,164,133,159,
 86, 91, 91, 91, 91, 87,132,163,142,164,133,156,
131,131,131,131,131,131,134,163,142,164,135,131,
165,165,165,165,165,165,165,138,142,139,165,165,
142,142,142,142,142,142,142,142,142,142,142,142,
166,166,166,166,166,166,166,166,166,166,166,166,
130,130,130,130,130,130,130,130,130,130,130,130,
 62, 63,  0,155,160,  0,  0,  0,  0,180, 62, 63,
 64, 65,  0,156,161,  0,150,  0,  0,  0, 64, 65,
  0,  0,  0,  0,  0,  0,  0,  0,  0,  0,  0,  0,
  0,  0,  0,  0,  0,  0,  0,  0,  0,  0,  0,  0,
A
2,2,2,
2,1,2,
2,3,1,
2,2,2,
2,2,2,
1,2,2,
B
166,166,140,142,141,166,166,166,166,166,166,166,
130,136,163,142,164,137,130,130,130,130,130,130,
114,132,163,142,164,133,  0,  0,180,  0,  0,150,
114,132,163,142,164,133,150,  0,  0,155,160,  0,
114,132,163,142,164,133,  0,183,  0,156,161,  0,
114,132,163,142,164,133,  0,  0,  0,  0,182,  0,
131,134,163,142,164,135,131,131,131,131,131,131,
165,165,138,142,139,165,165,165,165,165,165,165,
142,142,142,142,142,142,142,142,142,142,142,142,
166,166,166,166,166,166,166,140,142,141,166,166,
130,130,130,130,130,130,136,163,142,164,137,130,
 84, 88, 88, 88, 88, 85,132,163,142,164,133,155,
A
3,2,2,
3,3,3,
3,3,3,
2,1,2,
3,2,2,
3,3,3,
B
130,130,130,130,130,136,163,142,164,137,130,130,
150,  0,  0,180,  0,132,163,142,164,133,  0,180,
131,131,131,131,131,134,163,142,164,135,131,131,
165,165,165,165,165,165,138,142,139,165,165,165,
142,142,142,142,142,142,142,142,142,142,142,142,
166,166,166,166,166,166,166,166,166,166,140,142,
130,130,130,130,130,130,130,130,130,136,163,142,
  0,  0,155,160, 63,  0,  0,182,  0,132,163,142,
154,  0,156,161, 65,181,  0,  0,  0,132,163,142,
131,131,131,131,131,131,131,131,131,134,163,142,
165,165,165,165,165,165,165,165,165,165,138,142,
142,142,142,142,142,142,142,142,142,142,142,142,
C
  0,  0,  0,  0,  0,  0,  0,  0,  0,  0,  0,  0,
  0,  0,  0,  0,  0,  0,  0,  0,  0,  0,  0,  0,
  0,  0,  0,  0,  0,  0,  0,  0,  0,  0,  0,  0,
  0,  0,  0,  0,  0,  0,  0,  0,  0,  0,  0,  0,
  0,  0,  0,  0,  0,  0,  0,  0,  0,  0,  0,  0,
  0,  0,  0,  0,  0,  0,  0,  0,  0,  0,  0,  0,
  0,  0,  0,  0,  0,  0,  0,  0,  0,  0,  0,  0,
  0,  0,  0, 62,  0,  0,  0,  0,  0,  0,  0,  0,
  0,  0,  0, 64,  0,  0,  0,  0,  0,  0,  0,  0,
  0,  0,  0,  0,  0,  0,  0,  0,  0,  0,  0,  0,
  0,  0,  0,  0,  0,  0,  0,  0,  0,  0,  0,  0,
  0,  0,  0,  0,  0,  0,  0,  0,  0,  0,  0,  0,
A
3,3,3,
3,3,3,
3,3,3,
1,3,3,
3,3,3,
3,3,3,
B
132,163,142,164,133,  0, 50, 52, 50,  0, 97,108,
134,163,142,164,135,131,131,131,131,131,131,131,
165,138,142,139,165,165,165,165,165,165,165,165,
142,142,142,142,142,142,142,142,142,142,142,142,
166,166,140,142,141,166,166,166,166,166,166,166,
130,136,163,142,164,137,130,130,130,130,130,130,
 44,132,163,142,164,133, 84, 88, 88, 88, 88, 85,
 44,132,163,142,164,133, 86, 91, 91, 91, 91, 87,
131,134,163,142,164,135,131,131,131,131,131,131,
165,165,138,142,139,165,165,165,165,165,165,165,
142,142,142,142,142,142,142,142,142,142,142,142,
166,166,166,166,166,166,140,142,141,166,166,166,
C
  0,  0,  0,  0,  0, 54,  0,  0,  0, 55,  0,  0,
  0,  0,  0,  0,  0,  0,  0,  0,  0,  0,  0,  0,
  0,  0,  0,  0,  0,  0,  0,  0,  0,  0,  0,  0,
  0,  0,  0,  0,  0,  0,  0,  0,  0,  0,  0,  0,
  0,  0,  0,  0,  0,  0,  0,  0,  0,  0,  0,  0,
  0,  0,  0,  0,  0,  0,  0,  0,  0,  0,  0,  0,
  0,  0,  0,  0,  0,  0,  0,  0,  0,  0,  0,  0,
  0,  0,  0,  0,  0,  0,  0,  0,  0,  0,  0,  0,
  0,  0,  0,  0,  0,  0,  0,  0,  0,  0,  0,  0,
  0,  0,  0,  0,  0,  0,  0,  0,  0,  0,  0,  0,
  0,  0,  0,  0,  0,  0,  0,  0,  0,  0,  0,  0,
  0,  0,  0,  0,  0,  0,  0,  0,  0,  0,  0,  0,
A
2,2,2,
2,2,2,
2,2,2,
2,2,2,
2,1,3,
2,3,1,
B
  0,  0,  0,  0,  0,  0,  0,  0,  0,  0,  0,  0,
  0,  0,  0,  0,  0,  0,  0,  0,  0,  0,  0,  0,
131,131,131,131,131,131,131,131,131,131,131,131,
165,165,165,165,165,165,165,165,165,165,165,165,
142,142,142,142,142,142,142,142,142,142,142,142,
166,140,142,141,166,166,166,166,166,166,166,166,
136,163,142,164,137,130,130,130,130,130,130,130,
132,163,142,164,133,  0,  0,  0,  0,  0, 66, 67,
132,163,142,164,133,  0,155,162,162,160, 68,155,
132,163,142,164,133, 56, 56, 56, 56, 56, 70,159,
132,163,142,164,133, 57, 57, 57, 57, 57, 72,156,
132,163,142,164,133,  0, 52, 52, 52,  0, 96, 96,
C
  0,  0,  0,  0,  0,  0,  0,  0,  0,  0,  0,  0,
  0,  0,  0,  0,  0,  0,  0,  0,  0,  0,  0,  0,
 39, 39, 39, 39, 39,  0,  0, 39, 39, 39, 39, 39,
  0,  0,  0,  0,  0,  0,  0,  0,  0,  0,  0,  0,
  0,  0,  0,  0,  0,  0,  0,  0,  0,  0,  0,  0,
  0,  0,  0,  0,  0,  0,  0,  0,  0,  0,  0,  0,
  0,  0,  0,  0,  0,  0,  0,  0,  0,  0,  0,  0,
  0,  0,  0,  0,  0,  0,  0,  0,  0,  0,  0,  0,
  0,  0,  0,  0,  0,  0,  0,  0,  0,  0,  0, 69,
  0,  0,  0,  0,  0,  0,  0,  0,  0,  0,  0, 71,
  0,  0,  0,  0,  0,  0,  0,  0,  0,  0,  0, 73,
  0,  0,  0,  0,  0, 54,  0,  0,  0, 55,  0,  0,
A
2,2,2,
2,2,2,
2,2,2,
2,2,2,
2,2,2,
2,2,2,
B
  0,  0,  0,  0,  0,  0,  0,  0,  0,  0,  0,  0,
  0,  0,  0,  0,  0,  0,  0,  0,  0,  0,  0,  0,
  0,  0,  0,  0,  0,  0,  0,  0,  0,  0,  0,  0,
  0,  0,  0,  0,  0,  0,  0,  0,  0,  0,  0,  0,
  0,  0,  0,  0,  0,  0,  0,  0,  0,  0,  0,  0,
  0,  0,  0,  0,  0,  0,  0,  0,  0,  0,  0,  0,
  0,  0,  0,  0,  0,  0,  0,  0,  0,  0,  0,  0,
  0,  0,  0,  0,  0,  0,  0,  0,  0,  0,  0,  0,
  0,  0,  0,  0,  0,  0,  0,  0,  0,  0,  0,  0,
  0,  0,  0,  0,  0,  0,  0,  0,  0,  0,  0,  0,
  0,  0,  0,  0,  0,  0,  0,  0,  0,  0,  0,  0,
  0,  0,  0,  0,  0,  0,  0,  0,  0,  0,  0,  0,
A
1,1,1,
1,1,1,
1,1,1,
1,1,1,
2,2,2,
2,2,2,
B
162,162,162,160,186,156,157,157,161,186,159,167,
167,167,167,158,186,185,185,185,185,186,159,167,
167,167,167,158,186,177,177,177,177,186,159,167,
157,157,157,161,186,177,177,177,177,186,156,157,
131,131,131,131,131,131,131,131,131,131,131,131,
165,165,165,165,165,165,165,165,165,165,165,165,
142,142,142,142,142,142,142,142,142,142,142,142,
166,166,166,166,166,166,166,166,166,166,166,166,
130,130,130,130,130,130,130,130,130,130,130,130,
 39, 39, 39,  0,  0,  0,  0,  0,  0, 39, 39, 39,
  0,  0,  0,  0,  0,  0,  0,  0,  0,  0,  0,  0,
  0,  0,  0,  0,  0,  0,  0,  0,  0,  0,  0,  0,
A
1,1,1,
1,1,1,
1,1,1,
1,1,1,
1,1,1,
1,1,1,
B
165,165,165,165,165,165,165,165,165,165,165,165,
142,142,142,142,142,142,142,142,142,142,142,142,
166,166,166,166,166,166,166,166,166,166,166,166,
130,130,130,130,130,130,130,130,130,130,130,130,
162,162,162,160,186,177,177,177,177,186,155,162,
167,167,167,158,186,178,  0,  0,178,186,159,167,
167,167,167,158,186,178,  0,  0,178,186,159,167,
157,157,157,161,186,177,177,177,177,186,156,157,
185,185,185,185,186,185,185,185,185,186,185,185,
177,177,177,177,186,155,162,162,160,186,155,162,
177,177,177,177,186,159,167,167,158,186,159,167,
185,185,185,185,186,159,167,167,158,186,159,167,
A
1,1,1,
1,1,1,
1,1,1,
1,1,1,
1,1,1,
1,1,1,
B
194,194,  0,  0,  0,  0,  0,184,  0,  0,  0,  0,
194,194,194,  0,  0,  0,  0,  0,  0,  0,  0,  0,
194,194,194,194,193,  0,  0,  0,  0,  0,  0,  0,
194,194,194,194,194,  0,  0,  0,  0,  0,184,204,
 56, 56, 56, 56, 56, 56,  0,  0,  0,  0,  0,199,
 57, 57, 57, 57, 57, 57,  0,199,  0,  0,  0,199,
194, 52, 52, 52, 52,194,  0,  0,  0,  0,  0,199,
194, 50, 52, 52, 50,194,  0,  0,  0,  0,183,199,
195,195,195,195,195,195,  0,  0,  0,  0,  0,204,
207,192,207,207,192,207,  0,  0,  0,  0,  0,  0,
184,  0,  0,  0,  0,  0,  0,  0,  0,  0,206,205,
131,131,131,131,131,131,131,131,131,131,131,131,
C
  0,  0,  0,  0,  0,  0,  0,  0,  0,  0,  0,  0,
  0,  0,  0,  0,  0,  0,  0,  0,  0,  0,  0,  0,
  0,  0,  0,  0,  0,  0,  0,  0,  0,  0,  0,  0,
  0,  0,  0,  0,  0,  0,  0,  0,  0,  0,  0,  0,
  0,  0,  0,  0,  0,  0,  0,  0,  0,  0,  0,  0,
  0,  0,  0,  0,  0,  0,  0,  0,  0,  0,  0,  0,
 54,  0,  0,  0,  0, 55,  0,  0,  0,  0,  0,  0,
 54,  0,  0,  0,  0, 55,  0,  0,  0,  0,  0,  0,
  0,  0,  0,  0,  0,  0,  0,  0,  0,  0,  0,  0,
  0,  0,  0,  0,  0,  0,  0,  0,  0,  0,  0,  0,
  0,  0,  0,  0,  0,  0,  0,  0,  0,  0,  0,  0,
  0,  0,  0,  0,  0,  0,  0,  0,  0,  0,  0,  0,
A
1,1,1,
1,1,1,
1,1,1,
1,1,1,
1,1,1,
1,1,1,
B
  0,  0,  0,  0,  0,  0,  0,  0,  0,  0,  0,  0,
  0,  0,  0,  0,193,  0,  0,  0,  0,  0,  0,  0,
 96,  0,  0,  0,  0,199,  0,  0,  0,  0,  0,  0,
  0,  0,  0,  0,  0,  0,  0,  0,  0,183,  0,  0,
184,  0,  0,  0,  0,  0,207,  0,  0,  0,  0,199,
  0,  0,  0,  0,  0,  0,  0,  0,  0,  0,  0,  0,
  0,  0,  0,  0,  0,  0,  0,  0,  0,  0,  0,  0,
  0,  0,  0,  0,  0,  0,  0,  0,199,  0,  0,  0,
199,  0,  0,  0,  0,  0,  0,  0,  0,  0,  0,  0,
  0,  0,  0,  0,  0,204,  0,  0,  0,  0,  0,184,
 44,  0,183,  0,  0,  0,  0,  0,  0,199,  0,  0,
194,  0,  0,  0,  0,  0,  0,  0,  0,  0,  0,  0,
A
1,1,1,
1,1,1,
1,1,1,
1,1,1,
1,1,1,
1,1,1,
B
  0,  0,  0,  0,  0,  0,  0,  0,  0,  0,  0,  0,
  0,  0,  0,  0,  0,  0,  0,  0,  0,  0,  0,  0,
 40, 41,  0,  0,  0,  0,  0,  0,  0,  0,  0,199,
 42, 43,  0,  0,201,  0,  0,  0,  0,183,  0,  0,
  0,  0,  0,  0,  0,201,  0,  0,  0,  0,  0,  0,
  0,  0,  0,  0,  0,  0,  0,  0,  0,  0,  0,  0,
  0,182,  0,  0,  0,  0,  0, 66, 67,207,  0,  0,
  0,183,  0,  0,  0,  0,  0, 68, 69,  0,  0,  0,
  0,  0,  0,  0,  0,182,  0,  0,  0,  0,  0,182,
  0,  0,  0,  0,  0,  0,  0,  0,  0,  0,  0,  0,
  0,  0,201,  0,  0,  0,  0,  0,  0,199,  0,  0,
199,  0,  0,  0,  0,  0,  0,201,  0,  0,  0, 96,
A
1,1,1,
1,1,1,
1,1,1,
1,1,1,
1,1,1,
1,1,1,
B
  0,  0,  0,  0,  0,  0,  0,  0,  0,  0,  0,  0,
  0,  0,  0,  0,  0,  0,  0,  0,  0,  0,  0,  0,
  0,  0,  0,  0,  0,  0,  0,  0,  0,  0,  0,  0,
  0,  0,  0,  0,  0,  0,  0,  0,  0,  0,  0,  0,
  0,  0,  0,  0,  0,  0,  0,  0,  0,  0,  0,  0,
  0,  0,  0,  0,  0,  0,  0,  0,  0,  0,  0,  0,
  0,  0,  0,  0,  0,  0,  0,  0,  0,  0,  0,  0,
  0,  0,  0,  0,  0,  0,  0,  0,  0,  0,  0,  0,
  0,  0,  0,  0,  0,  0,  0,  0,  0,  0,  0,  0,
  0,  0,  0,  0,  0,  0,  0,  0,  0,  0,  0,  0,
  0,  0,  0,  0,  0,  0,  0,  0,  0,  0,  0,  0,
  0,  0,  0,  0,  0,  0,  0,  0,  0,  0,  0,  0,
A
1,1,2,
1,1,3,
1,1,3,
1,1,1,
1,1,1,
1,1,1,
B
  0,  0, 62, 63,  0,178,186,178,  0,192,156,157,
  0,184, 64,155,160,178,186,178,182,  0,  0,184,
204,  0,180,156,161,178,186,178,  0,179,  0,  0,
177,177,177,177,177,178,186,178,184,207,  0,180,
185,185,185,185,185,185,186,178,155,162,160,  0,
177,177,177,177,177,178,186,178,159,167,158,182,
  0,182,155,162,160,178,186,178,156,157,161,180,
179,  0,159,167,158,178,186,177,177,177,177,177,
 67,193,156,157,161,178,189,185,185,185,185,185,
204,180,  0,  0,205,177,177,177,177,177,177,177,
  0,  0,  0,  0,  0,  0,  0,  0,  0,  0,  0,  0,
  0,  0,  0,  0,  0,  0,  0,  0,  0,  0,  0,  0,
C
  0,  0,  0,  0,  0,  0,  0,  0,  0,  0,  0,  0,
  0,  0,  0, 65,  0,  0,  0,  0,  0,  0,  0,  0,
  0,  0,  0,  0,  0,  0,  0,  0,  0,  0,  0,  0,
  0,  0,  0,  0,  0,  0,  0,  0,  0,  0,  0,  0,
  0,  0,  0,  0,  0,  0,  0,  0,  0,  0,  0,  0,
  0,  0,  0,  0,  0,  0,  0,  0,  0,  0,  0,  0,
  0,  0,  0,  0,  0,  0,  0,  0,  0,  0,  0,  0,
  0,  0,  0,  0,  0,  0,  0,  0,  0,  0,  0,  0,
  0,  0,  0,  0,  0,  0,  0,  0,  0,  0, 62, 63,
 69,  0,  0,  0,  0,  0,  0,  0,  0,  0, 64, 65,
  0,  0,  0,  0,  0,  0,  0,  0,  0,  0,  0,  0,
  0,  0,  0,  0,  0,  0,  0,  0,  0,  0,  0,  0,
A
1,3,2,
2,3,3,
3,3,3,
1,3,3,
1,3,3,
1,3,3,
B
  0,199,159,167,158,178,186,178,180,  0,  0,182,
  0,199,159,167,158,178,186,177,177,177,177,177,
  0,180,159,167,158,178,186,185,185,185,185,185,
  0,199,156,157,161,178,186,177,177,177,177,177,
177,177,177,177,177,178,186,178,155,160,  0, 96,
185,185,185,185,185,185,186,178,156,161,  0,179,
177,177,177,177,177,177,186,178,  0,184,155,162,
 72, 73,155,162,160,178,186,178,192,  0,159,167,
180,  0,159,167,158,178,186,178,  0,182,159,167,
  0,  0,156,157,161,178,186,178,192,  0,159,167,
  0,179,  0,193,  0,178,186,178,205,  0,159,167,
184,  0,  0,  0,180,178,186,178,  0,184,159,167,
C
  0,  0,  0,  0,  0,  0,  0,  0,  0,  0,  0,  0,
  0,  0,  0,  0,  0,  0,  0,  0,  0,  0,  0,  0,
  0,  0,  0,  0,  0,  0,  0,  0,  0,  0,  0, 62,
  0,  0,  0,  0,  0,  0,  0,  0,  0, 62, 63, 64,
  0,  0,  0,  0,  0,  0,  0,  0,  0, 64, 65,  0,
  0,  0,  0,  0,  0,  0,  0,  0,  0,  0,  0,  0,
 70, 71,  0,  0,  0,  0,  0,  0,  0,  0,  0,  0,
  0,  0,  0,  0,  0,  0,  0,  0,  0,  0,  0,  0,
  0,  0,  0,  0,  0,  0,  0,  0,  0,  0,  0,  0,
  0,  0,  0,  0,  0,  0,  0,  0,  0,  0,  0,  0,
  0,  0,  0,  0,  0,  0,  0,  0,  0,  0,  0,  0,
  0,  0,  0,  0,  0,  0,  0,  0,  0,  0,  0,  0,
A
1,3,3,
1,1,3,
1,1,3,
1,1,3,
3,3,3,
1,1,3,
B
192,  0,159,167,158,178,186,178,192,184,  0,180,
179,  0,156,157,161,178,186,178,205,  0,  0,  0,
 62, 63,  0,  0,  0,178,186,178,  0,  0,179,  0,
 64, 65,  0,184,  0,178,186,178,  0,182,  0,193,
184,  0,155,162,160,178,186,178,  0,  0,  0,207,
  0,192,159,167,158,178,186,178,180,  0,184,  0,
  0,  0,156,157,161,178,186,178,  0,179,  0,  0,
177,177,177,177,177,178,186,178,193,  0,  0,182,
185,185,185,185,185,185,186,178,  0,  0,181,  0,
177,177,177,177,177,178,186,178,182,  0,  0,184,
  0,199,155,162,160,178,186,178,  0,184,  0,192,
  0,180,159,167,158,178,186,178,  0,  0,179,  0,
C
  0,  0,  0,  0,  0,  0,  0,  0,  0,  0,  0,  0,
  0,  0,  0,  0,  0,  0,  0,  0,  0,  0,  0,  0,
  0,  0,  0,  0,  0,  0,  0,  0,  0,  0,  0,  0,
  0,  0,  0,  0,  0,  0,  0,  0,  0,  0,  0,  0,
  0,  0,  0,  0,  0,  0,  0,  0,  0,  0,  0,  0,
  0,  0,  0,  0,  0,  0,  0,  0,  0,  0,  0,  0,
206,  0,  0,  0,  0,  0,  0,  0,  0,  0,  0,  0,
  0,  0,  0,  0,  0,  0,  0,  0,  0,  0,  0,  0,
  0,  0,  0,  0, 62, 63,  0,  0,  0,  0,  0,  0,
  0,  0,  0,  0, 64, 65,  0,  0,  0,  0,  0,  0,
  0,  0,  0,  0,  0,  0,  0,  0,  0,  0,  0,  0,
  0,  0,  0,  0,  0,  0,  0,  0,  0,  0,  0,  0,
A
3,1,1,
1,2,2,
1,1,3,
1,2,3,
1,1,3,
2,2,3,
B
177,178,186,177,177,177,177,177,177,177,177,177,
185,185,186,185,185,185,185,185,185,185,185,185,
177,177,177,177,177,177,186,177,177,177,177,177,
180,180,  0,155,160,178,186,178,180,  0,  0,184,
  0,  0,184,156,161,178,186,178,  0,  0,182,  0,
179,  0,  0,206,  0,178,186,178,182,  0,193,184,
  0,  0,182,155,160,178,186,178,155,162,160,  0,
180,  0,  0,156,161,178,186,178,159,167,158,  0,
177,177,177,177,177,178,186,178,156,157,161,180,
185,185,185,185,185,185,186,177,177,177,177,177,
177,177,177,177,177,177,186,185,185,185,185,185,
  0,180,155,162,160,178,186,177,177,177,177,177,
C
  0,  0,  0,  0,  0,  0,  0,  0,  0,  0,  0,  0,
 62, 63,  0,  0,  0,  0,  0,  0,  0,  0,  0,  0,
 64, 65,  0,  0,  0,  0,  0,  0,  0,  0,  0,  0,
  0,  0,  0,  0,  0,  0,  0,  0,  0,  0,  0,  0,
  0,  0,  0,  0,  0,  0,  0,  0,  0,  0,  0,  0,
  0,  0,  0,  0,  0,  0,  0,  0,  0,  0,  0,  0,
  0,  0,  0,  0,  0,  0,  0,  0,  0,  0,  0,  0,
  0,  0,  0,  0,  0,  0,  0,  0,  0,  0,  0,  0,
  0,  0,  0,  0,  0,  0,  0,  0,  0,  0,  0,  0,
  0,  0,  0,  0,  0,  0,  0,  0,  0,  0,  0,  0,
  0,  0,  0,  0,  0,  0,  0,  0, 62, 63,  0,  0,
  0,  0,  0,  0,  0,  0,  0,  0, 64, 65,  0,  0,
A
3,3,3,
3,3,2,
2,3,3,
3,3,3,
1,1,3,
1,2,3,
B
  0, 42, 43,  0,  0,  0,181, 70, 71,  0,  0, 40,
  0,  0,  0,184,  0,  0,  0, 72, 73,  0,  0, 42,
 45, 45, 45, 45, 45, 45, 45, 45, 45, 45, 45, 45,
 96,192,  0,  0,192,192,192,205,  0,  0,  0, 96,
  0,  0,  0,  0,  0,  0,  0,  0,  0,  0,  0,  0,
177,177,177,177,177,177,177,177,177,177,177,177,
104,104,187,185,185,185,185,185,185,185,185,185,
104,104,186,178,177,177,177,177,177,177,177,177,
160,178,186,178,180,184,  0,  0,182,  0,  0,179,
158,178,186,178,  0,  0,180,  0,184,  0,180,  0,
158,178,186,178,  0,182,  0,184,  0,  0,184,193,
161,178,186,178,179,  0,193,182,  0,204,  0,180,
C
  0,  0,  0,  0,  0,  0,  0,  0,  0,  0,  0,  0,
  0,  0,  0,  0,  0,  0,  0,  0,  0,  0,  0,  0,
  0,  0,  0,  0,  0,  0,  0,  0,  0,  0,  0,  0,
  0,  0,  0,  0,  0,  0,  0,  0,  0,  0,  0,  0,
  0,  0,  0,  0,  0,  0,  0,  0,  0,  0,  0,  0,
  0,  0,  0,  0,  0,  0,  0,  0,  0,  0,  0,  0,
  0,  0,105,104,  0,  0,  0,  0,  0,  0,  0,  0,
  0,  0,  0,  0,  0,  0,  0,  0,  0,  0,  0,  0,
  0,  0,  0,  0,  0,  0,  0,  0,  0,  0,  0,  0,
  0,  0,  0,  0,  0,  0,  0,  0,  0,  0,  0,  0,
  0,  0,  0,  0,  0,  0,  0,  0,  0,  0,  0,  0,
  0,  0,  0,  0,  0,  0,  0,  0,  0,  0,  0,  0,
A
3,3,3,
3,3,3,
3,3,3,
3,3,3,
3,3,3,
3,3,3,
B
 82, 82, 82, 82, 82, 82, 82, 82, 82, 82, 82, 82,
  0,  0,  0,  0,  0,  0,  0,  0,  0,  0,  0,  0,
  0,  0,  0,  0,  0,  0,  0,  0,  0,  0,  0,  0,
  0,  0,  0,  0,  0,  0,  0,  0,  0,  0,  0,  0,
  0,  0,  0,  0,  0,  0,  0,  0,  0,  0,  0,  0,
  0,  0,  0,  0,  0,  0,  0,  0,  0,  0,  0,  0,
  0,  0,  0,  0,  0,  0,  0,  0,  0,  0,  0,  0,
  0,  0,  0, 40, 41,  0,  0,  0,  0,  0, 66, 67,
  0,  0,  0, 42, 43,  0,183,  0,  0,  0, 68, 69,
180,  0,  0,  0,  0,  0,  0, 40, 41,  0,  0,  0,
  0,  0,  0,  0, 66, 67,  0, 42, 43,  0,  0,  0,
  0, 40, 41,  0, 68, 69,  0,  0,  0,182,  0,  0,

