A
1,1,1,
1,1,1,
1,1,1,
1,1,1,
1,1,1,
1,1,1,
B
  0,  0,  0,  0,  0,  0,  0,  0,  0,  0,  0,  0,
  0,  0,  0,  0,  0,  0,  0,  0,  0,  0,  0,  0,
  0,  0,  0,  0,  0,  0,  0,  0,  0,  0,  0,  0,
  0,  0,  0,  0,  0,  0,  0,  0,  0,  0,  0,  0,
  0,  0,  0,  0,  0,  0,  0,  0,  0,  0,  0,  0,
  0,  0,  0,  0,  0,  0,  0,  0,  0,  0,  0,  0,
  0,  0,  0,  0,  0,  0,  0,  0,  0,  0,  0,  0,
  0,  0,  0,  0,  0,  0,  0,  0,  0,  0,  0,  0,
  0,  0,  0,  0,  0,  0,  0,  0,  0,  0,  0,  0,
  0,  0,  0,  0,  0,  0,  0,  0,  0,  0,  0,  0,
  0,  0,  0,  0,  0,  0,  0,  0,  0,  0,  0,  0,
  0,  0,  0,  0,  0,  0,  0,  0,  0,  0,  0,  0,

A
3,3,3,
3,3,3,
3,3,3,
3,3,3,
1,1,1,
1,1,1,
B
183,125,  0,  0,  0,  0,  0,129,129,129,125,184,
127,172,  0,  0,  0,  0,  0,  0,  0,  0,172,127,
  0,  0,  0,  0,  0,  0,  0,  0,  0,  0,  0,  0,
  0,  0,  0,  0,  0,  0,  0,194,195,  0,  0,  0,
129,  0,129,  0,129,  0,129,  0,129,  0,129,  0,
  0,  0,  0,  0,  0,  0,  0,  0,  0,  0,  0,  0,
  0,  0,140,  0,  0,  0,  0,  0,  0,  0,  0,174,
127,127,127,127,127,127,127,127,127,127,127,127,
179,179,179,179,179,179,179,179,179,179,179,179,
  0,174,  0,  0,  0,  0,  0,  0,  0,136,  0,  0,
  0,  0,  0,  0,  0,  0,  0,  0,  0,  0,  0,  0,
  0,  0,  0,  0,  0,  0,  0,  0,  0,  0,  0,  0,

A
3,3,3,
3,3,3,
3,3,3,
3,3,3,
3,3,3,
3,3,3,
B
181,125,  0,  0,  0,  0,174,  0,  0,  0,125,184,
183,125,  0,  0,  0,  0,128,  0,  0,  0,172,127,
127,  0,  0,  0,  0,  0,  0,  0,  0,  0,  0,  0,
128,  0,  0,  0,136,  0,128,  6,  7,  0,  0,189,
128,  0,  0,  0,  0,  0,  0,  8,  9,  0,  0,  0,
127,  0,  0,  0,  0,  0,128, 10, 11,  0,  0,  0,
185,125,141,  0,  0,  0,187,  0,  0,  0,172,127,
181,125,  0,  0,  0,  0,128,  0,  0,  0,125,186,
181,125,  0,174,  0,  0,174,  0,  0,  0,125,182,
181,125,  0,  0,  0,  0,128,  0,  0,  0,125,182,
181,125,  0,  0,  0,  0,  0,  0,  0,  0,125,182,
181,125,  0,  0,  0,140,128,  0,134,135,125,182,

A
3,3,3,
3,3,3,
3,3,3,
3,3,3,
3,3,3,
3,3,3,
B
127,  0,  0,  0,  0,  0,  0, 24, 25, 26,125,182,
185,125,  0,  0,  0,  0,128, 18, 27, 20,125,182,
181,125,  0,  0,  0,  0,195, 18, 19, 20,125,182,
181,125,  0,194,  0,  0,128, 18, 19, 20,125,184,
181,125,  0,  0,  0,  0,174, 18, 27, 20,172,127,
183,125,  0,  0,  0,  0,128, 18, 19, 20,  0,140,
127,  0,  0,  0,137,  0,  0, 18, 19, 20,  0,  0,
  0,  0,  0,  0,  0,  0,128, 18, 27, 20,172,127,
136,  0,  0,  0,  0,  0,  0, 18, 19, 20,125,186,
127,  0,  0,  0,  0,  0,128, 28, 29, 30,125,182,
185,125,132,133,  0,  0,  0, 21, 22, 23,125,182,
181,125,  0,  0,  0,  0,128,  0,  0,  0,125,182,

A
3,3,3,
3,3,3,
3,3,3,
3,3,3,
3,3,3,
3,3,3,
B
127,  0,  0,  0,  0,  0,  0,  0,  0,  0,125,182,
  0,  0,  0,  0,  0,141,128,  0,174,  0,125,182,
127,  0,  0,  0,  0,  0,  0,  0,  0,  0,125,182,
185,125,195,  0,  0,  0,128,  0,  0,  0,125,182,
181,125,  0,174,  0,  0,  0,  0,  0,  0,125,182,
181,125,  0,  0,  0,  0,128,  0,  0,  0,125,184,
181,125,  0,  0,140,  0,174,  0,  0,  0,172,127,
183,125,132,133,  0,  0,128,  0,136,  0,  0,128,
127,  0, 12, 13,  0,  0,  0,  0,  0,  0,172,127,
  0,  0, 14, 15,  0,  0,128,  0,  0,  0,125,186,
  0,  0, 16, 17,  0,  0,  0,  0,  0,  0,125,182,
  0,  0,  0,  0,  0,  0,128,  0,  0,195,125,182,

A
5,5,5,
3,3,3,
3,3,3,
3,3,3,
3,3,3,
3,3,3,
B
  0,  0,  0,  0,  0,  0,  0,  0,  0,  0,  0,  0,
  0,  0,  0,  0,  0,  0,  0,  0,  0,  0,  0,  0,
180,180,180,180,180,180,180,180,180,180,180,180,
127,127,127,127,127,127,127,127,127,127,127,127,
  0,  0,  0,  0,  0,  0,  0,136,  0,  0,  0,140,
  0,  0,  0,  0,  0,  0,  0,  0,  0,  0,  0,  0,
137,129,129,  0,129,129,174,129,129,  0,129,129,
  0,  0,  0,  0,  0,  0,195,  0,  0,  0,  0,194,
  0,  0,  0,  0,  0,  0,  0,  0,  0,  0,  0,  0,
127,  0,  0,  0,136,  0,  0,  0,  0,  0,172,127,
185,125,  0,  0,  0,  0,  0,  0,  0,  0,125,186,
183,125,  0,  0,  0,  0,  0,  0,  0,  0,125,182,

A
5,5,5,
5,5,5,
5,5,5,
5,5,5,
5,5,5,
5,5,5,
B
  0,  0,  0,  0,  0,  0,  0,  0,  0,  0,  0,  0,
  0,  0,  0,  0,  0,  0,  0,  0,  0,  0,  0,  0,
  0,  0,  0,  0,  0,  0,  0,  0,  0,  0,  0,  0,
  0,  0,  0,  0,  0,  0,  0,  0,  0,  0,  0,  0,
  0,  0,  0,  0,  0,  0,  0,  0,  0,  0,  0,  0,
  0,  0,  0,  0,  0,  0,  0,  0,  0,  0,  0,  0,
  0,  0,  0,  0,  0,  0,  0,  0,  0,  0,  0,  0,
  0,  0,  0,  0,  0,  0,  0,  0,  0,  0,  0,  0,
  0,  0,  0,  0,  0,  0,  0,  0,  0,  0,  0,  0,
  0,  0,  0,  0,  0,  0,  0,  0,  0,  0,  0,  0,
  0,  0,  0,  0,  0,  0,  0,  0,  0,  0,  0,  0,
  0,  0,  0,  0,  0,  0,  0,  0,  0,  0,  0,  0,

A
3,3,5,
3,3,5,
3,3,5,
5,5,5,
5,5,5,
5,5,5,
B
  0,  0,  0,130,  0,  0,  0,125,182,  0,  0,  0,
  0,  0,  0,  0,  0,  0,  0,125,182,  0,  0,  0,
  0,131,  0,174,  0,  0,  0,125,182,  0,  0,  0,
  0,  0,  0,  0,  0,  0,  0,125,182,139,  0,  0,
208,  0,  0,  0,  0,  0,  0,125,182,  0,  0,  0,
127,127,127,127,127,127,127,172,182,  0,  0,  0,
179,179,179,179,179,179,179,179,171,  0,140,  0,
203,189,203,  0,  0,  0,  0,187,  0,  0,  0,191,
  0,  0,  0,  0,  0,  0,  0,  0,  0,192,  0,  0,
  0,  0,  0,  0,  0,  0,  0,  0,  0,  0,  0,  0,
  0,  0,  0,  0,  0,  0,  0,  0,  0,  0,  0,  0,
  0,  0,  0,  0,  0,  0,  0,  0,  0,  0,  0,  0,
C
  0,  0,  0,  0,  0,  0, 43, 44,  0,  0,  0,  0,
  0,  0,  0,  0,  0,  0,  6,  7,  0,  0,  0,  0,
  0,  0,  0,  0,  0,  0,  8,  9,  0,  0,  0,  0,
  0,  0,  0,  0,  0,  0, 10, 11,  0,  0,  0,  0,
  0,  0,  0,  0,  0,  0,  0,  0,  0,  0,  0,  0,
  0,  0,  0,  0,  0,  0,  0,  0,  0,  0,  0,  0,
  0,  0,  0,  0,  0,  0,  0,  0,  0,  0,  0,  0,
  0,  0,  0,  0,  0,  0,  0,  0,  0,  0,  0,  0,
  0,  0,  0,  0,  0,  0,  0,  0,  0,  0,  0,  0,
  0,  0,  0,  0,  0,  0,  0,  0,  0,  0,  0,  0,
  0,  0,  0,  0,  0,  0,  0,  0,  0,  0,  0,  0,
  0,  0,  0,  0,  0,  0,  0,  0,  0,  0,  0,  0,

A
3,3,3,
3,3,3,
3,3,3,
3,3,5,
3,3,5,
3,3,5,
B
  0,  0,  0,  0,  0,  0,  0,  0,  0,  0,  0,  0,
  0,131,174,131,  0,131,  0,131,  0,131,174,131,
  0,  0,  0,  0,192,  0,  0,  0,  0,  0,  0,  0,
  0,  0,  0,  0,  0,  0,  0,  0,  0,  0,  0,  0,
  0,  0,  0,  0,  0,  0,  0,  0,137,  0,  0,  0,
  0,  0,  0,  0,  0,  0,  0,  0,  0,  0,  0,172,
129,129,129,129,  0,  0,  0,  0,186,179,179,179,
  0,134,135,  0,  0,  0,  0,125,182,  0,  0,  0,
  0,  0,  0,130,  0,  0,  0,125,182,187,  0,  0,
  0,  0,  0,  0,  0,  0,  0,125,182,  0,  0,139,
  0,  0,  0,130,  0,  0,  0,125,182,  0,  0,  0,
  0,137,  0,  0,  0,  0,  0,125,182,  0,  0,  0,
C
  0,  0,  0,  0,  0,  0,  0,  0,  0,  0,  0,  0,
  0,  0,  0,  0,  0,  0,  0,  0,  0,  0,  0,  0,
  0,  0,  0,  0,  0,  0,  0,  0,  0,  0,  0,  0,
  0,  0,  0,  0,  0,  0,  0,  0,  0,  0,  0,  0,
  0,  0,  0,  0,  0,  0,  0,  0,  0,  0,  0,  0,
  0,  0,  0,  0,  0,  0,  0,  0,  0,  0,  0,  0,
  0,  0,  0,  0,  0,  0,  0,  0,  0,  0,  0,  0,
  0,  0,  0,  0,  0,  0,  0,  0,  0,  0,  0,  0,
  0,  0,  0,  0,  0,  0,  0,  0,  0,  0,  0,  0,
  0,  0,  0,  0,  0,  0,  0,  0,  0,  0,  0,  0,
  0,  0,  0,  0,  0,  0, 39, 40,  0,  0,  0,  0,
  0,  0,  0,  0,  0,  0, 41, 42,  0,  0,  0,  0,

A
3,3,5,
3,3,5,
3,3,5,
3,3,5,
3,3,5,
3,3,3,
B
  0,  0,  0,  0,  0,  0,  0,172,182,  0,202,202,
178,178,178,178,178,178,178,178,182,  0,  0,  0,
178,178,178,178,178,178,178,178,182, 50, 50, 50,
178,178,178,178,178,178,178,178,182, 50, 50, 50,
  0,  0,  0,  0,  0,  0,  0,  0,182,200,166,167,
  0,  0,  0,130,192,  0,  0,  0,182,200,168,169,
  0,  0,  0,174,  0,  0,  0,  0,182,200,200,200,
  0,  0,  0,130,  0,  0,  0,  0,182,200,200,200,
  0,137,  0,  0,  0,  0,  0,  0,182,198,107,107,
  0,  0,  0,  0,129,129,129,129,184,180,180,180,
  0,  0,  0,  0,  0,  0,  0,  0,136,172,  0,174,
  0,  0,  0,  0,  0,  0,  0,  0,  0,  0,  0,  0,
C
  0,  0,  0,  0,  0,  0,  0,  0,  0,  0,  0,  0,
  0,  0,  0,  0,  0,  0,  0,  0,  0,  0,  0,  0,
  0,  0,  0,  0,  0,  0,  0,  0,  0,  0,105,  0,
  0,  0,  0,  0,  0,  0,  0,  0,  0,  0,  0,  0,
  0,  0,  0,  0,  0,  0,  0,  0,  0, 69, 88, 90,
  0,  0,  0,  0,  0,  0,  0,  0,  0, 69, 48, 49,
  0,  0,  0,  0,  0,  0,  0,  0,  0,108,  0,  0,
  0,  0,  0,  0,  0,  0,  0,  0,  0,108,111,111,
  0,  0,  0,  0,  0,  0,  0,  0,  0,110,  0,  0,
  0,  0,  0,  0,  0,  0,  0,  0,  0,  0,  0,  0,
  0,  0,  0,  0,  0,  0,  0,  0,  0,  0,  0,  0,
  0,  0,  0,  0,  0,  0,  0,  0,  0,  0,  0,  0,

A
1,1,1,
3,3,3,
3,3,3,
3,3,3,
3,3,3,
3,3,5,
B
  0,141,  0,  0,  0, 95, 95, 95, 95, 95, 95, 95,
180,180,180,180,180,180,180,180,180,180,180,180,
127,127,127,127,127,127,127,127,127,127,127,127,
  0,  0,  0,  0,  0,  0,  0,  0,  0,  0,  0,192,
  0,  0,192,  0,  0,  0,  0,  0,  0,  0,  0,  0,
  0,  0,  0,  0,  0,  0,  0,  0,  0,  0,  0,  0,
  0,  0,  0,174,  0,131,  0,131,  0,131,  0,131,
  0,  0,  0,130,  0,  0,  0,  0,  0,  0,  0,  0,
  0,  0,  0,  0,  0,  0,  0,137,  0,  0,  0,  0,
  0,  0,  0,130,  0,  0,  0,  0,  0,  0,172,192,
  0,  0,192,  0,  0,  0,  0,  0,186,179,179,179,
  0,  0,  0,130,  0,  0,  0,  0,182,  0,202,202,
C
  0,  0,  0,  0,  0,  0,  0,  0,  0,  0,  0,  0,
  0,  0,  0,  0,  0,  0,  0,  0,  0,  0,  0,  0,
  0,  0,  0,  0,  0,  0,  0,  0,  0,  0,  0,  0,
  0,  0,  0,  0,  0,  0,  0,  0,  0,  0,  0,  0,
  0,  0,  0,  0,  0,  0,  0,  0,  0,  0,  0,  0,
  0,  0,  0,  0,  0,  0,  0,  0,  0,  0,  0,  0,
  0,  0,  0,  0,  0,  0,  0,  0,  0,  0,  0,  0,
  0,  0,  0,  0,  0,  0,  0,  0,  0,  0,  0,  0,
  0,  0,  0,  0,  0,  0,  0,  0,  0,  0,  0,  0,
  0,  0,  0,  0,  0,  0,  0,  0,  0,  0,  0,  0,
  0,  0,  0,  0,  0,  0,  0,  0,  0,  0, 96, 97,
  0,  0,  0,  0,  0,  0,  0,  0,  0,  0, 98, 99,

A
2,2,2,
2,2,2,
1,1,1,
1,1,1,
1,1,1,
1,1,1,
B
  0,  0,  0,  0,  0,  0,  0,  0,  0,  0,  0,  0,
209,  0,  0,  0,  0,  0,  0,  0,  0,  0,  0,  0,
  0,  0,  0,  0,207,  0,  0,  0,  0,  0,  0,  0,
  0,  0, 96, 97,  0,  0,  0,  0,  0,  0,189,194,
 50, 50, 50, 50, 50, 50, 50, 50, 50,204,204,204,
 50, 50, 50, 50, 50, 50, 50, 50, 50,  0,  0,  0,
 50, 50, 50, 50, 50, 50, 50, 50, 50,  0,  0,  0,
161,162, 60, 60, 60,154,155,156, 60,  0,  0,187,
164,165, 53, 60, 55,157,158,159, 60,  0,  0,  0,
139,  0,  0,187,  0,  0,  0,  0,191,  0,  0,  0,
189,  0,  0,  0,  0,187,  0,  0,  0,  0,187,  0,
  0,195,  0,191,  0,  0,  0,187,194,  0,  0,141,
C
  0,  0,  0,  0,  0,  0,  0,  0,  0,  0,  0,  0,
  0,  0,  0,  0,  0,  0,  0,  0,  0,  0,  0,  0,
  0,  0,  0,  0,  0,  0,  0,  0,  0,  0,  0,  0,
  0,  0,  0,  0,  0,  0,  0,  0,  0,  0,  0,  0,
  0,105,  0,  0,  0,  0,  0,105,  0,  0,  0,  0,
  0,  0,  0,  0,  0,  0,  0,  0,  0,  0,  0,  0,
  0,  0,  0,  0,  0,  0,  0,  0,  0,  0,  0,  0,
 64, 63, 66, 61, 65, 62, 64, 63,113,  0,  0,  0,
 59, 57,  0,  0,  0, 56, 59, 57,113,  0,  0,  0,
  0,  0,  0,  0,  0,  0,  0,  0,  0,  0,  0,  0,
  0,  0,  0,  0,  0,  0,  0,  0,  0,  0,  0,  0,
  0,  0,  0,  0,  0,  0,  0,  0,  0,  0,  0,  0,

A
2,2,2,
2,2,2,
2,2,2,
2,2,2,
2,2,2,
2,2,2,
B
  0,  0,  0,  0,  0,  0,  0,  0,  0,  0,  0,  0,
  0,  0,  0,  0,  0,  0,  0,  0,  0,  0,  0,  0,
  0,  0,  0,  0,  0,  0,  0,  0,  0,  0,  0,  0,
  0,  0,  0,  0,  0,  0,  0,  0,  0,  0,  0,  0,
  0,  0,  0,  0,  0,  0,  0,  0,  0,  0,  0,  0,
  0,  0,  0,  0,  0,  0,  0,  0,  0,  0,  0,  0,
  0,  0,  0,  0,  0,  0,  0,  0,  0,  0,  0,  0,
  0,  0,  0,  0,  0,  0,  0,  0,  0,  0,  0,  0,
  0,  0,  0,  0,  0,  0,  0,  0,  0,  0,  0,  0,
  0,  0,  0,  0,  0,  0,  0,  0,  0,  0,  0,  0,
  0,  0,  0,  0,  0,  0,  0,  0,  0,  0,  0,  0,
  0,  0,  0,  0,  0,  0,  0,  0,  0,  0,  0,  0,

A
2,2,2,
2,2,2,
2,2,2,
0,0,0,
2,2,2,
2,2,2,
B
107,107,107,  0,208,  0,  0,  0,  0,  0,  0,  0,
 84,  0,  0,  0,  0,  0,  0,  0,195,  0,  0,  0,
 85,  0,  0,  0,  0,  0,  0,  0,  0,192,  0,  0,
  0,  0,195,  0,  0,  0,  0,  0,208,139,  0,  0,
  0,193,  0,  0,  0,139,  0,  0,  0,  0,107,107,
107,107,107,  0,  0,  0,  0,  0,  0,  0,141,139,
204,204,204,204,204,204,204,204,204,204,204,204,
203,  0,203,203,192,  0,203,203,  0,  0,194,203,
 96, 97,  0,209,  0,  0,  0,  0,  0,107,107,107,
 98, 99,  0,  0,  0,  0,  0,  0,  0,139,192,141,
  0,  0,  0,  0,  0,  0,  0,  0,  0,  0,  0,  0,
  0,  0,  0,  0,  0,  0,  0,  0,  0,  0,  0,  0,

A
0,0,0,
2,2,2,
2,2,2,
2,2,2,
2,2,2,
2,2,2,
B
179,179,179,179,179,179,179,179,179,179,179,179,
203,203,  0,203,203,  0,203,203,  0,203,203,203,
  0,  0,  0,141,  0,  0,  0,  0,  0,  0,  0,  0,
  0,  0,  0,194,  0,  0,  0,  0,  0,  0,  0,  0,
  0,  0,  0,  0,  0,  0,  0,  0,  0,  0,  0, 86,
  0,  0,  0,  0,  0,  0,  0, 96, 97,  0,  0, 87,
107,107,107,  0,  0,  0,  0, 98, 99,  0,  0,141,
141,139,141,  0,192,  0,208,  0,  0,  0,  0,  0,
  0,  0,  0,  0,  0,  0,  0,  0,  0,193,  0, 52,
  0,  0,  0,  0,  0,  0,  0,  0,  0,107,107,107,
  0,  0,  0,  0,  0,  0,  0,  0,  0,  0,  0,  0,
  0,  0,  0,  0,  0,  0,  0,  0,  0,  0,139,  0,
C
  0,  0,  0,  0,  0,  0,  0,  0,  0,  0,  0,  0,
  0,  0,  0,  0,  0,  0,  0,111,  0,  0,111,111,
  0,  0,  0,  0,  0,  0,137,  0,  0,  0,  0,  0,
  0,  0,  0,  0,  0,  0,  0,  0,  0,  0,  0,  0,
  0,  0,  0,  0,  0,  0,  0,  0,  0,  0,  0,  0,
  0,  0,  0,  0,  0,  0,  0,  0,  0,  0,  0,  0,
  0,  0,  0,  0,  0,  0,  0,  0,  0,  0,  0,  0,
  0,  0,  0,  0,  0,  0,  0,  0,  0,  0,  0,  0,
  0,  0,  0,  0,  0,  0,  0,  0,  0,  0,  0,  0,
  0,  0,  0,  0,137,  0,  0,  0,  0,  0,  0,  0,
  0,  0,  0,  0,  0,  0,  0,  0,  0,  0,  0,  0,
  0,  0,  0,  0,  0,  0,  0,  0,  0,  0,  0,  0,

A
2,0,2,
2,0,2,
0,0,0,
2,0,0,
3,3,3,
3,3,3,
B
194,  0,  0,195,205,  0,  0,206,  0,  0,141,  0,
  0,  0,  0,  0,205,  0,  0,206,208,  0,137,  0,
 84,  0,  0,  0,205,  0,  0,206,  0,  0,  0,  0,
 85,  0,  0,139,205,  0,  0,206,  0,  0,141,139,
204,204,204,204,  0, 50, 50, 50, 50, 50,204,204,
203,203,203,203,137, 50, 50, 50, 50, 50,  0,  0,
139,141,208,141,205, 73,148,149,150, 74,  0,  0,
141,139,141,139,205, 73,151,152,153, 74,111,111,
179,179,179,179,179,179,179,179,179,179,179,179,
  0,172,  0,  0,  0,  0,  0,  0,  0,195,  0,  0,
  0,  0,  0,  0,  0,174,  0,  0,  0,  0,  0,  0,
  0,  0,  0,187,  0,  0,  0,  0,  0,172,  0,  0,
C
  0,  0,  0,  0,  0,  0,  0,  0,  0,  0,  0,  0,
  0,  0,  0,  0,  0,  0,  0,  0,  0,  0,  0,  0,
  0,  0,  0,  0,  0,  0,  0,  0,  0,  0,  0,  0,
  0,  0,  0,  0,  0,  0,  0,  0,  0,  0,  0,  0,
  0,  0,  0,  0,  0,  0,  0,  0,105,  0,  0,  0,
  0,  0,  0,  0,  0,  0,  0,  0,  0,  0,  0,  0,
  0,  0,  0,  0,  0,  0, 62, 64, 63,  0,  0,  0,
  0,  0,  0,  0,  0,  0, 56, 59, 57,  0,  0,  0,
  0,  0,  0,  0,  0,  0,  0,  0,  0,  0,  0,  0,
  0,  0,  0,  0,  0,  0,  0,  0,  0,  0,  0,  0,
  0,  0,  0,  0,  0,  0,  0,  0,  0,  0,  0,  0,
  0,  0,  0,  0,  0,  0,  0,  0,  0,  0,  0,  0,

A
3,3,3,
3,3,3,
0,0,0,
2,0,2,
2,0,2,
2,0,2,
B
129,174,129,  0,129,  0,129,  0,129,174,129,  0,
  0,  0,  0,  0,  0,  0,  0,  0,  0,  0,  0,  0,
172,  0,  0,  0,  0,  0,  0,  0,  0,  0,  0,  0,
179,179,179,179,179,179,179,179,179,179,179,179,
  0,  0,208,  0,  0,  0,  0,  0,  0,  0,  0,  0,
203,203,203,203,136,  0,  0,  0,203,203,203,203,
139,141,139,141,205,  0,195,206,  0,  0,  0, 86,
107,107,107,107,205,  0,  0,206,  0,  0,  0, 87,
141,139,141,139,205,  0,  0,206,  0,  0,136,141,
  0,195,  0,  0,205,136,  0,206,  0,  0,  0,139,
  0,197,  0,  0,205,  0,  0,206,141,107,107,107,
  0,  0,  0,  0,205,  0,  0,206,197,  0,  0,  0,

A
2,2,2,
2,2,2,
2,2,2,
2,2,2,
0,0,0,
3,3,3,
B
  0,  0,  0,  0,  0,  0,  0,  0,  0,  0,  0,  0,
  0,  0,  0,  0,  0,  0,  0,  0,  0, 52, 52, 84,
141,  0,  0,  0,  0,  0,  0,  0,  0,  0,  0, 85,
 84,  0,  0,  0,  0,  0,  0,  0,136,195,  0,141,
 85,  0,  0,  0,  0,  0,  0,  0,  0,  0,  0,  0,
141,  0,  0,  0,  0,  0,136,  0,  0,  0,  0,  0,
  0,  0,192,  0,208,  0,  0,  0,  0, 52, 52, 52,
  0,  0,  0,  0,  0,  0,  0,  0,  0,141,141, 52,
204,204,204,204,204,204,204,204,204,204,204,204,
180,180,180,180,180,180,180,180,180,180,180,180,
  0,  0,  0,172,  0,  0,  0,  0,  0,  0,  0,  0,
  0,  0,  0,  0,  0,  0,  0,  0,  0,  0,  0,  0,

A
2,2,2,
2,2,2,
2,2,2,
2,2,2,
2,2,2,
2,2,2,
B
  0,  0,  0,  0,  0,  0,  0,  0,  0,  0,  0,  0,
  0,  0,  0,  0,  0,  0,  0,  0,  0,  0,  0,  0,
  0,  0,  0,  0,  0,  0,  0,  0,  0,  0,  0,  0,
  0,  0,  0,  0,  0,  0,  0,  0,  0,  0,  0,  0,
  0,  0,  0,  0,  0,  0,  0,  0,  0,  0,  0,  0,
  0,  0,  0,  0,  0,  0,  0,  0,  0,  0,  0,  0,
  0,  0,  0,  0,  0,  0,  0,  0,  0,  0,  0,  0,
  0,  0,  0,  0,  0,  0,  0,  0,  0,  0,  0,  0,
  0,  0,  0,  0,  0,  0,  0,  0,  0,  0,  0,  0,
  0,  0,  0,  0,  0,  0,  0,  0,  0,  0,  0,  0,
  0,  0,  0,  0,  0,  0,  0,  0,  0,  0,  0,  0,
  0,  0,  0,  0,  0,  0,  0,  0,  0,  0,  0,  0,

A
2,2,2,
2,2,2,
2,2,2,
2,2,2,
2,2,2,
2,2,2,
B
202,  0,  0,  0,192,  0,  0,  0,  0,  0,139, 86,
202,  0,  0,  0,  0,  0,  0,  0,  0,  0,  0, 87,
 84,  0,  0,  0,  0,  0,  0, 52,  0,  0,199,202,
 85,141,  0,  0,  0,139,  0,  0,  0,190,  0,202,
202,  0,  0,  0,  0,  0,  0,  0,139,  0,  0,202,
202,  0,  0,  0,  0,  0,193,  0,  0,  0,199,202,
202,  0,  0,  0,  0,  0,  0,  0,  0,141,  0,202,
202,141,  0, 52,  0,  0,  0,  0,  0,  0,  0,202,
100,100,100,100,  0,  0,  0,  0,100,100,100,100,
  0,139,  0,141,  0,  0,  0,  0,  0,139,  0,141,
  0,  0,  0,  0,  0,  0,  0,  0,  0,  0,  0,  0,
  0,  0,  0,  0,  0,  0,  0,  0,  0,  0,  0,  0,

A
5,5,5,
2,2,2,
2,2,2,
2,2,2,
2,2,2,
2,2,2,
B
  0,  0,  0,  0,  0,  0,  0,  0,  0,  0,  0,  0,
107,107,107,107,107,138,203,173,107,107,107,107,
201,201,201,201,201,  0,  0,  0,201,201,201,201,
202,141,  0,  0,  0,  0,  0,  0,141,  0,  0,202,
202,  0,  0,  0,139,  0,  0,  0,  0,  0,  0,202,
202,  0,  0,  0,  0,  0,  0,  0,  0, 52, 52, 52,
202,  0,139,  0,  0,  0,193,  0,  0,  0,  0,202,
202,  0,  0,  0,  0,  0,  0,  0,  0,141,  0,202,
202,  0,  0,  0,  0,  0,  0,  0,  0,  0,  0,202,
202,  0,  0,  0,139,  0,  0,139,  0,  0,  0,202,
202,  0,  0,  0,  0,  0,  0,  0,  0,  0,  0,202,
202,  0,  0,  0,  0,  0,  0,141,  0,  0,  0,202,
C
  0,  0,  0,  0,  0,  0,  0,  0,  0,  0,  0,  0,
  0,  0,  0,  0,  0,  0,  0,  0,  0,  0,  0,  0,
  0,  0,  0,  0,  0,  0,  0,  0,  0,  0,  0,  0,
  0,  0,  0,  0,  0,  0,  0,  0,  0,  0,  0,  0,
  0,  0,  0,  0,  0,  0,  0,  0,  0,  0,  0,  0,
  0,  0,  0,  0,  0,  0,  0,  0,  0,  0,  0,  0,
  0,  0,  0,  0,  0,  0,  0,  0,  0,  0,  0,  0,
  0,  0,  0,  0,  0,  0,  0,  0,  0,  0,  0,  0,
  0,  0,  0,  0,  0,  0,  0,  0,  0,  0,  0,  0,
 96, 97,  0,  0,  0,  0,  0,  0,  0,  0,  0,  0,
 98, 99,  0,  0,  0,  0,  0,  0,  0,  0,  0,  0,
 52,  0,  0,  0,  0,  0,  0,  0,  0,  0,  0,  0,

A
5,5,5,
5,5,5,
5,5,5,
5,5,5,
5,5,5,
5,5,5,
B
190,  0,  0,  0,  0,  0,  0,  0,  0,  0,194,  0,
  0,  0,  0,  0,  0,  0,  0,  0,  0,  0,  0,  0,
  0,  0,  0,  0,  0,  0,  0,  0,  0,  0,  0,  0,
  0,  0,  0,  0,  0,  0,  0,  0,  0,  0,  0,  0,
  0,  0,  0,  0,  0,  0,  0,  0,  0,  0,208,  0,
  0,  0,  0,194,  0,  0,  0,  0,  0,  0,  0,  0,
  0,  0,  0,  0,  0,  0,  0,  0,  0,  0,  0,  0,
  0,  0,  0,  0,  0,208,  0,  0,  0,  0,  0,  0,
  0,  0,  0,  0,  0,  0,  0,  0,  0,  0,  0,207,
  0,  0,  0,  0,  0,  0,  0,  0,  0,  0,  0,  0,
  0,  0,  0,  0,  0,  0,  0,  0,  0,  0,  0,  0,
207,  0,  0,  0,  0,  0,  0,  0,  0,195,  0,  0,

A
5,5,5,
5,5,5,
5,5,5,
5,5,5,
5,5,5,
5,5,5,
B
  0,  0,  0,  0,  0,  0,  0,  0,  0,  0,  0,  0,
  0,  0,  0,  0,  0,  0,  0,  0,  0,  0,  0,  0,
195,  0,  0,  0,  0,  0,  0,  0,  0,  0,  0,  0,
  0,  0,  0,  0,  0,  0,  0,  0,  0,  0,  0,  0,
  0,  0,  0,  0,  0,  0,  0,  0,  0,  0,  0,  0,
  0,  0,  0,  0,208,  0,  0,  0,  0,  0,  0,  0,
  0,  0,  0,  0,  0,  0,  0,194,  0,  0,208,  0,
  0,  0,  0,  0,  0,  0,  0,  0,  0,  0,  0,  0,
  0,  0,  0,  0,  0,  0,  0,  0,190,  0,  0,  0,
  0,  0,  0,  0,208,  0,  0,  0,  0,  0,  0,  0,
  0,  0,  0,  0,  0,  0,  0,  0,  0,  0,  0,  0,
  0,  0,  0,  0,  0,  0,  0,  0,  0,  0,  0,  0,
A
1,1,1,
1,1,1,
5,5,5,
5,5,5,
5,5,5,
5,5,5,
B
  0,  2,  3,  0, 16, 17,  0,  0,  0,  0,  0,  0,
  0,  4,  5,  0,  0,  0,  0,  0,  0, 31, 32,  0,
  0,  0,  0,  0,  0,  0,  0,  0,  0, 33, 34,  0,
 50, 50, 50, 50, 50, 50, 50, 50, 50, 50, 50, 50,
 50, 50, 50, 50, 50, 50, 50, 50, 50, 50, 50, 50,
 54, 54,166,167, 54, 54, 54, 54, 54,161,162, 54,
 54, 54,168,169, 54, 54, 55, 54, 54,164,165, 54,
  0,  0,  0,  0,  0,  0,  0,  0,  0,  0,194,  0,
194,  0,  0,  0,208,  0,  0,  0,  0,  0,  0,  0,
  0,  0,  0,  0,  0,  0,  0,  0,  0,  0,  0,  0,
  0,  0,  0,  0,  0,  0,  0,  0,  0,  0,  0,  0,
  0,208,  0,  0,  0,  0,  0,  0,  0,  0,  0,190,
C
  0,  0,  0,  0,  0,  0,  0,  0,  0,  0,  0,  0,
  0,  0,  0,  0,  0,  0,  0,  0,  0,  0,  0,  0,
  0,  0,  0,  0,  0,  0,  0,  0,  0,  0,  0,  0,
  0,  0,  0,  0,105,  0,  0,  0,105,  0,  0,105,
  0,  0,  0,  0,  0,  0,  0,  0,  0,  0,  0,  0,
 61,  0, 88, 90,113,  0, 65,  0,113, 88, 90,  0,
  0,  0, 48, 49,113,  0,  0,  0,113, 48, 49,  0,
  0,  0,  0,  0,  0,  0,  0,  0,  0,  0,  0,  0,
  0,  0,  0,  0,  0,  0,  0,  0,  0,  0,  0,  0,
  0,  0,  0,  0,  0,  0,  0,  0,  0,  0,  0,  0,
  0,  0,  0,  0,  0,  0,  0,  0,  0,  0,  0,  0,
  0,  0,  0,  0,  0,  0,  0,  0,  0,  0,  0,  0,
A
1,1,1,
1,1,1,
1,1,1,
1,1,1,
1,1,1,
1,1,1,
B
  0,  0,  0,  0,  0,  0,  0,  0,  0,  0,  0,  0,
  0,  0,  0,  0,  0,  0,  0,  0,  0,  0,  0,  0,
  0,  0,  0,  0,  0,  0,  0,  0,  0,  0,  0,  0,
  0,  0,  0,  0,  0,  0,  0,  0,  0,  0,  0,  0,
  0,  0,  0,  0,  0,  0,  0,  0,  0,  0,  0,  0,
  0,  0,  0,  0,  0,  0,  0,  0,  0,  0,  0,  0,
  0,  0,  0,  0,  0,  0,  0,  0,  0,  0,  0,  0,
  0,  0,  0,  0,  0,  0,  0,  0,  0,  0,  0,  0,
  0,  0,  0,  0,  0,  0,  0,  0,  0,  0,  0,  0,
  0,  0,  0,  0,  0,  0,  0,  0,  0,  0,  0,  0,
  0,  0,  0,  0, 12, 13,  0,  0,  0,  0,  0,  0,
  0, 92,  1,  0, 14, 15,  0,  0,  0,  0,  0,  0,

