A
3,3,3,
3,3,3,
3,3,3,
3,3,3,
3,3,3,
3,3,3,
B
  0,  0,  0,  0,  0,  0,  0,  0,  0,  0,  0,  0,
  0,  0,  0,  0,  0,  0,  0,  0,  0,  0,  0,  0,
  0,  0,  0,  0,  0,  0,  0,  0,  0,  0,  0,  0,
  0,  0,  0,  0,  0,  0,  0,  0,  0,  0,  0,  0,
  0,  0,  0,  0,  0,  0,  0,  0,  0,  0,  0,  0,
  0,  0,  0,  0,  0,  0,  0,  0,  0,  0,  0,  0,
  0,  0,  0,  0,  0,  0,  0,  0,  0,  0,  0,  0,
  0,  0,  0,  0,  0,  0,  0,  0,  0,  0,  0,  0,
  0,  0,  0,  0,  0,  0,  0,  0,  0,  0,  0,  0,
  0,  0,  0,  0,  0,  0,  0,  0,  0,  0,  0,  0,
  0,  0,  0,  0,  0,  0,  0,  0,  0,  0,  0,  0,
  0,  0,  0,  0,  0,  0,  0,  0,  0,  0,  0,  0,
A
0,3,0,
3,3,3,
3,3,3,
3,3,3,
3,3,3,
3,3,3,
B
  0,  0,  0,181,  0,  0,  0,  0,182,140,  0,  0,
180,180,180,183,  0,  0,208,  0,184,180,180,180,
 39, 40,172,  0,  0,  0,  0,  0,  0, 31, 32,  6,
 41, 42,  0,  0,  0,  0,  0,  0,  0, 33, 34,  8,
 43, 44,  0,137,  0,  0,  0,  0,  0, 35, 36, 10,
  0,  0,195,  0,  0,  0,  0,  0,  0,  0,  0,  0,
  0,  0,  0,  0,  0,  0,  0,  0,  0,  0,  0,  0,
  0,174,  0,  0,  0,  0,  0,  0,  0,194,  0,174,
  0,  0,  0,  0,  0,  0,  0,  0,  0,  0,  0,  0,
  0,  0,  0,136,  0,  0,  0,  0,  0,  0,  0,  0,
  0,  0,  0,  0,  0,  0,  0,  0,  0,  0,  0,  0,
  0,  0,  0,  0,  0,  0,  0,  0,  0,  0,  0,  0,
A
3,3,3,
3,3,3,
0,3,0,
0,3,0,
0,3,0,
0,3,0,
B
 33, 34,  0,  0,  0,  0,  0,  0, 10, 11,  4,  5,
 35, 36,195,  0,  0,  0,  0,  0,  0,174,  0,  0,
  0,  0,  0,  0,  0,  0,  0,  0,  0,  0,  0,  0,
172,136,136,  0,  0,  0,  0,  0,  0,172,  0,136,
179,179,179,185,  0,  0,  0,  0,186,179,179,179,
191,  0,  0,181,  0,  0,  0,195,182,  0,  0,187,
  0,  0,187,181,  0,  0,  0,  0,182,  0,  0,  0,
 84,  0,  0,181,  0,  0,  0,  0,182,  0,  0,139,
 85,  0,  0,181,172,  0,  0,172,182,192,  0,  0,
  0,  0,  0,181,  0,  0,  0,  0,182,  0,187, 86,
  0,139,  0,181,  0,  0,  0,  0,182,  0,  0, 87,
  0,  0,  0,181,  0,  0,137,  0,182,  0,  0,  0,
A
2,2,2,
2,2,2,
2,2,2,
3,3,3,
3,3,3,
3,3,3,
B
202,  0,  0,  0,  0,  0,191,  0,  0,  0,  0,  0,
202,  0,  0,  0,  0,  0,  0,  0,  0,193,  0,  0,
202,  0,193,  0,  0,  0,  0,  0,  0,  0,  0,  0,
202,  0,  0,  0,  0,  0,  0,  0,  0,  0,191,  0,
201,201,201,201,201,  0,  0,201,201,201,201,201,
180,180,180,180,180,180,180,180,180,180,180,180,
  0,136,172,136,  0,  0,  0,  0,  0,  0,136,172,
  0,  0,  0,  0,  0,  0,  0,  0,195,  0, 39, 40,
 12, 13,  0,  0,  0,  0,  0,  0,  0,  0, 41, 42,
 14, 15,  0,  0,  0,  0,  0,  0,  0,  0, 43, 44,
 16, 17,  0,  0,  0,  0,194,  0,  6,  7, 92,  1,
 31, 32,  0,137,  0,  0,  0,  0,  8,  9,  2,  3,
A
2,2,2,
2,2,2,
2,2,2,
2,2,2,
2,2,2,
2,2,2,
B
201,201,201,201,  0,  0,  0,  0,  0,  0,  0, 87,
202,  0,  0,  0,  0,  0,106,106, 52,  0,  0,197,
202,  0,  0,  0,  0,  0,201,201,201,  0,  0,  0,
106,106,106,106,  0,  0,  0,  0,  0,  0,  0,  0,
201,201,201,201,  0,  0,  0,  0,  0,  0,  0,193,
202,  0,193,  0,191,  0,  0,  0,  0,  0,  0,  0,
202,  0,  0,  0,  0,  0,  0,  0,  0,190,  0,  0,
202,  0,  0,  0,197,  0,  0,193,  0,  0,  0,  0,
202,  0,  0,  0,  0,  0,  0,  0,  0,  0,  0,  0,
202,  0,  0,  0,207,  0,  0,  0,  0,  0,  0,  0,
202,  0,  0,  0,  0,  0,  0,  0,  0,194,  0, 52,
202,  0,195,191,  0,  0,  0,  0,  0,  0,  0,  0,
A
2,2,2,
2,2,2,
2,2,2,
2,2,2,
2,2,2,
2,2,2,
B
  0,  0,  0,  0,  0,  0,  0,  0,  0,  0,  0,  0,
  0,  0,  0,  0,  0,  0,  0,  0,  0,  0,  0,  0,
 52,  0,  0,  0,  0,  0,  0,194,  0,  0,  0,  0,
106,106,106,106,  0,  0,  0,  0,  0,  0,  0,  0,
201,201,201,201,  0,  0,  0,  0,  0,207,  0,191,
202,  0,  0,  0,  0,  0,106,106,  0,  0,  0,  0,
202,  0,  0,  0,  0,  0,201,201,  0,  0,  0,  0,
106,106,106,106,  0,  0,  0,  0,191,  0,  0,  0,
201,201,201,201,190,  0,  0,  0,  0,  0,  0,  0,
202,  0,  0,  0,  0,  0,191,  0,  0,  0,139,  0,
202,  0,  0,  0,  0,  0,  0,  0,  0,  0,  0,197,
106,106,106,106,  0,  0,  0,  0,195,  0,  0, 86,
A
2,2,2,
2,2,2,
2,2,2,
2,2,2,
2,2,2,
2,2,2,
B
  0,  0,  0,  0,  0,  0,  0,  0,  0,  0,  0,  0,
  0,  0,  0,  0,  0,  0,  0,  0,  0,  0,  0,  0,
  0,  0,  0,  0,  0,  0,  0,  0,  0,  0,  0,  0,
  0,  0,  0,  0,  0,  0,  0,  0,  0,  0,  0,  0,
  0,  0,  0,  0,  0,  0,  0,  0,  0,  0,  0,  0,
  0,  0,  0,  0,  0,  0,  0,  0,  0,  0,  0,  0,
  0,  0,  0,  0,  0,  0,  0,  0,  0,  0,  0,  0,
  0,  0,  0,  0,  0,  0,  0,  0,  0,  0,  0,  0,
  0,  0,  0,  0,  0,  0,  0,  0,  0,  0,  0,  0,
  0,  0,  0,  0,  0,  0,  0,  0,  0,  0,  0,  0,
  0,  0,  0,  0,  0,  0,  0,  0,  0,  0,  0,  0,
  0,  0,  0,  0,  0,  0,  0,  0,  0,  0,  0,  0,
<<<<
A
5,5,5,
5,5,5,
5,5,5,
5,5,5,
2,2,2,
2,2,2,
B
  0,  0,  0,  0,  0,  0,  0,  0,  0,  0,  0,  0,
  0,  0,  0,  0,  0,  0,  0,  0,  0,193,  0,  0,
  0,  0,  0,  0,  0,  0,  0,141,  0,  0,  0,  0,
  0,  0,  0,  0,  0,  0,  0,  0,  0,  0,  0,  0,
  0,  0,  0,194,  0,  0,  0,  0,  0,  0,  0,195,
 95, 95, 95,  0,  0,  0,  0,  0,  0,  0,  0,  0,
  0,  0,  0,  0,  0,  0,  0,  0,  0, 95, 95, 95,
  0,203,  0,203,203,203,  0,203,203,203,203,203,
197,  0,  0,  0,  0,  0,  0,194,  0,197,197,197,
  0,  0,  0,  0,  0,  0,  0,  0,  0,  0,  0,  0,
  0,  0,  0,  0,  0,  0,  0,  0,  0,  0,  0,  0,
  0,  0,  0,  0,  0,  0,  0,  0,  0,  0,  0,  0,
A
5,5,5,
5,5,5,
5,5,5,
5,5,5,
5,5,5,
5,5,5,
B
195,  0,  0,  0,  0,  0,141,  0,  0,  0,  0,  0,
  0,  0,  0,  0,  0,  0,  0,  0,  0,  0,  0,  0,
  0,  0,194, 84,  0,  0,  0,  0, 86,  0,  0,  0,
  0,  0,  0, 85,  0,  0,  0,  0, 87,  0,  0,  0,
  0,  0,  0,  0,195,  0,  0,  0,  0,  0,  0,  0,
  0,139,  0,  0,  0,  0,  0,  0,  0,  0,  0,  0,
  0,  0,  0,  0,  0,  0,  0,  0,  0,  0,  0,  0,
  0,  0,  0, 84,  0,  0,  0,  0, 86,  0,  0,  0,
  0,  0,  0, 85,  0,  0,  0,  0, 87,  0,  0,  0,
  0,  0,  0, 84,  0,139,  0,  0, 86,194,  0,  0,
  0,  0,  0, 85,  0,  0,  0,  0, 87,  0,  0,  0,
  0,141,  0,  0,194,  0,  0,  0,  0,139,  0,  0,
A
2,2,2,
2,2,2,
5,5,2,
5,5,5,
5,5,5,
5,5,5,
B
177,  0,  0,  0,191,  0,  0,  0,  0,  0,  0,  0,
  0,  0,  0,  0,  0,  0,194,  0,  0,193,  0,198,
192,  0,  0,  0,  0,  0,  0,  0,  0,  0,192,  0,
106,106,106,106,106,177,  0,  0,  0,  0,  0,198,
204,204,204,204,204,204,204,196,  0,  0,  0,  0,
  0,  0,  0,  0,194,  0,  0,206,198,106,106,106,
  0,  0,  0,  0,  0,  0,  0,  0,204,204,204,204,
  0,  0,  0,  0,  0,  0,  0,  0,  0,  0,  0,  0,
139,  0,  0, 84,  0,  0,  0,  0, 86,  0,  0,  0,
  0,  0,  0, 85,  0,  0,  0,  0, 87,  0,  0,  0,
  0,  0,  0, 84,  0,  0,  0,  0, 86,  0,  0,  0,
  0,  0,  0, 85,  0,  0,  0,  0, 87,  0,  0,  0,
A
0,2,2,
0,2,2,
0,2,2,
0,2,2,
0,2,2,
2,2,2,
B
191,  0,  0,206,  0,  0,  0,  0,  0,  0,  0,  0,
  0,  0,  0,206,136,  0,  0,190,  0,  0,  0,  0,
  0,  0,137,206,  0,  0,  0,  0,  0,  0,193,194,
  0,  0,  0,206,  0,189,  0,  0,  0,  0,  0,  0,
  0,  0,  0,206,101,  0,  0,  0,209,  0,  0,  0,
137,  0,  0,206,  0,191,  0,  0,  0,  0,189,  0,
  0,  0,  0,206,  0,  0,194,  0,  0,191,  0,  0,
  0,187,  0,206,  0,  0,  0,  0,  0,  0,  0,189,
  0,  0,  0,206,  0,  0,  0,  0,107,107,107,107,
107,107,107,107,  0,  0,  0,  0,  0,  0,  0,  0,
111,  0,  0,  0,  0,  0,  0,  0,  0,  0,  0,192,
209,  0,193,  0,  0,  0,  0,107,107,107,  0,  0,
A
2,2,2,
0,0,0,
0,0,0,
0,0,0,
0,2,2,
0,2,2,
B
  0,  0,  0,  0,  0,  0,  0,  0,  0,  0,  0,  0,
191,  0,  0,193,  0,  0,  0,  0, 95, 95, 95, 95,
204,204,204,204,204,204,204,204,204,204,204,204,
  0,  0,  0,  0,194,  0,  0,  0,187,  0,  0,  0,
  0,  0,  0,  0,  0,  0,  0,  0,  0,139,  0,  0,
139,  0,187,  0,  0,  0,  0,  0,  0,  0,  0,187,
  0,  0,  0,  0,190,  0,  0,  0,  0,  0,  0,  0,
  0,  0,  0,  0,203,203,203,203,203,203,203,203,
  0,137,  0,206,190,192,  0, 96, 97,  0,  0,  0,
  0,  0,  0,206,  0,  0,  0, 98, 99,  0,  0,194,
  0,  0,  0,206,  0,189,  0,  0,  0,  0,  0,  0,
  0,  0,187,206,  0,  0,191,  0,  0,  0,190,  0,
C
  0,  0,  0,  0,  0,  0,  0,  0,  0,  0,  0,  0,
 95, 95, 95, 95, 95,  0,  0,  0,  0,  0,  0,  0,
  0,  0,  0,  0,  0,  0,  0,  0,  0,  0,  0,101,
  0,  0,  0,  0,  0,  0,  0,  0,  0,  0,  0,  0,
  0,  0,  0,  0,  0,  0,  0,  0,  0,  0,  0,  0,
  0,  0,  0,  0,  0,  0,  0,  0,  0,  0,  0,  0,
  0,  0,  0,  0,  0,  0,  0,  0,  0,  0,  0,  0,
  0,  0,  0,  0,  0,  0,  0,  0,  0,  0,  0,  0,
  0,  0,  0,  0,  0,  0,  0,  0,  0,  0,  0,  0,
  0,  0,  0,  0,  0,  0,  0,  0,  0,  0,  0,  0,
  0,  0,  0,  0,  0,  0,  0,  0,  0,  0,  0,  0,
  0,  0,  0,  0,  0,  0,  0,  0,  0,  0,  0,  0,
##12 == 6
A
2,2,2,
2,2,2,
2,2,2,
2,2,2,
2,2,2,
2,2,2,
B
  0,  0,  0,  0,  0,  0,  0,  0,  0,  0,  0,  0,
  0,  0,  0,  0,  0,  0,  0,  0,  0,  0,  0,  0,
  0,  0,  0,  0,  0,  0,  0,  0,  0,  0,  0,  0,
  0,  0,  0,  0,  0,  0,  0,  0,  0,  0,  0,  0,
  0,  0,  0,  0,  0,  0,  0,  0,  0,  0,  0,  0,
  0,  0,  0,  0,  0,  0,  0,  0,  0,  0,  0,  0,
  0,  0,  0,  0,  0,  0,  0,  0,  0,  0,  0,  0,
  0,  0,  0,  0,  0,  0,  0,  0,  0,  0,  0,  0,
  0,  0,  0,  0,  0,  0,  0,  0,  0,  0,  0,  0,
  0,  0,  0,  0,  0,  0,  0,  0,  0,  0,  0,  0,
  0,  0,  0,  0,  0,  0,  0,  0,  0,  0,  0,  0,
  0,  0,  0,  0,  0,  0,  0,  0,  0,  0,  0,  0,
>>>>>
A
2,2,2,
2,2,2,
2,2,2,
2,2,2,
2,2,2,
2,2,2,
B
 96, 97,  0,  0,  0,  0,  0,  0,  0,  0,193,  0,
 98, 99,  0,195,  0,  0,  0,189,106,106,106,106,
208,  0,  0,  0,  0,  0,  0,  0,193,197,197,197,
  0,  0,190,  0,  0,  0,  0,  0,  0,  0,  0,  0,
  0,  0,  0,  0,  0,209,  0,  0,  0,  0,137,  0,
  0,  0,  0,  0,  0,  0,  0,  0,  0,  0,194,197,
197,  0,  0,  0,  0,  0,  0,195,  0,  0,  0,  0,
 84,  0,  0,  0,  0,  0,  0,  0,  0,209,  0,  0,
 85,  0,  0,  0,190,  0,  0,  0,  0,  0,  0,  0,
197,  0,  0,  0,  0,  0,  0,  0,193,  0,  0,209,
  0,  0,  0,  0,  0,  0,  0,  0,  0,  0,  0,  0,
  0,  0,  0,  0,  0,  0,  0,  0,  0,  0,  0,  0,
A
3,3,3,
3,3,3,
5,5,5,
2,2,2,
2,2,2,
2,2,2,
B
129,  0,174,129,  0,  0,129,  0,  0,129,  0,174,
  0,  0,  0,  0,  0,  0,195,  0,  0,  0,  0,  0,
127,127,127,127,127,127,127,127,127,127,127,127,
179,179,179,179,179,179,179,179,179,179,179,179,
140,140,  0,195,  0,187,  0,  0,  0,  0,187,  0,
180,180,180,180,180,180, 91, 91, 91, 91, 91, 91,
101,  0,  0,  0,  0,  0,190,191,190,193,190, 86,
209,  0,  0,  0,  0,  0,  0,  0,  0,  0,  0, 87,
  0,  0,  0,  0,191,  0,  0,  0,  0,  0,  0,197,
197,  0,  0,  0,  0,  0,  0,  0,  0,  0,194,  0,
 84,194,  0,  0,  0,  0,  0,192,  0,  0,  0,  0,
 85,  0,  0,  0,  0,209,  0,  0,  0,  0,  0,  0,
A
2,2,2,
2,2,2,
2,2,2,
2,2,2,
5,5,5,
3,3,3,
B
  0,193,  0,  0,  0,  0,  0,  0,191,  0,  0,139,
  0,  0,  0,  0,  0,  0,  0,  0,106,106,106,106,
  0,  0,  0,  0,141,  0,  0,  0,191,  0,  0,111,
191,  0,  0,  0,  0,  0,  0,  0,  0,  0,  0,  0,
  0,  0,  0,191,  0,  0,  0,  0,  0,  0,  0,  0,
  0,  0,  0,  0,  0,  0,195,  0,  0,  0,  0,  0,
  0,207,  0,  0,  0,  0,  0,  0,  0,  0,190,  0,
179,179,179,179,179,179,179,179,179,179,179,179,
  0,  0,  0,189,  0,  0,  0,  0,  0, 91, 91, 91,
 91, 91, 91, 91,180,180,180,180,180,180,180,180,
127,127,127,127,127,127,127,127,127,127,127,127,
  0,  0,  0,  0,  0,  0,  0,  0,  0,194,  0,  0,
A
2,2,2,
2,2,2,
2,2,2,
2,2,2,
2,2,2,
2,2,2,
B
139,  0,  0,  0,  0,  0,  0,  0,  0,  0,  0,  0,
  0,  0,  0,141,  0,195,  0,190,  0,  0,  0,  0,
  0,  0,  0,  0,  0,  0,  0,  0,  0,  0,190,  0,
191,  0,  0,  0,  0,  0,  0,  0,  0,  0,  0,  0,
  0,  0,  0,  0,191,  0,  0,  0,  0,  0,195,  0,
  0,  0,  0,  0,  0,141,  0,  0,106,106,106,106,
  0,  0,  0,  0,  0,  0,  0,  0,  0,191,  0,  0,
  0,  0,207,  0,  0,  0,  0,  0,  0,  0,  0,  0,
  0,  0,  0,  0,  0,  0,  0,  0,  0,  0,191,  0,
  0,  0,  0,  0,  0,  0,  0,141,  0,  0,  0,  0,
191,  0,194,  0,  0,  0,  0,  0,  0,  0,  0,  0,
  0,  0,  0,  0,  0,  0,192,  0,  0,  0,  0,  0,
A
2,2,2,
2,2,2,
2,2,2,
2,2,2,
2,2,2,
2,2,2,
B
  0,  0,  0,  0,  0,  0,  0,  0,  0,  0,  0,  0,
190,  0,  0,  0,  0,194,  0,  0,  0,  0,192,  0,
  0,  0,  0,139,  0,  0,  0,  0,191,  0,  0,  0,
  0,  0,  0,  0,  0,195,  0,  0,  0,  0,  0,  0,
  0,  0,  0,191,  0,  0,  0,139,  0,  0,  0,  0,
139,  0,  0,  0,  0,  0,  0,  0,  0,  0,  0,  0,
  0,  0,  0,  0, 96, 97,  0,  0,  0,207,  0,  0,
  0,  0,  0,  0, 98, 99,  0,  0,  0,203,203,203,
191,  0,  0,195,  0,192,  0,194,  0,193,  0,  0,
  0,  0,  0,  0,  0,  0,  0,  0,106,106,106,106,
  0,  0,  0,  0,  0,139,  0,  0,  0,  0,141,  0,
  0,  0,192,  0,  0,  0,  0,  0,  0,  0,  0,  0,
A
2,2,2,
2,2,2,
2,2,2,
2,2,2,
2,2,2,
2,2,2,
B
  0,  0,  0,  0,  0,  0,  0,  0,  0,  0,  0,  0,
  0,  0,  0,  0,  0,  0,  0,  0,  0,  0,  0,  0,
  0,  0,  0,  0,  0,  0,  0,  0,  0,  0,  0,  0,
  0,  0,  0,  0,  0,  0,  0,  0,  0,  0,  0,  0,
  0,  0,  0,  0,  0,  0,  0,  0,  0,  0,  0,  0,
  0,  0,  0,  0,  0,  0,  0,  0,  0,  0,  0,  0,
  0,  0,  0,  0,  0,  0,  0,  0,  0,  0,  0,  0,
  0,  0,  0,  0,  0,  0,  0,  0,  0,  0,  0,  0,
  0,  0,  0,  0,  0,  0,  0,  0,  0,  0,  0,  0,
  0,  0,  0,  0,  0,  0,  0,  0,  0,  0,  0,  0,
  0,  0,  0,  0,  0,  0,  0,  0,  0,  0,  0,  0,
  0,  0,  0,  0,  0,  0,  0,  0,  0,  0,  0,  0,
<<<<
A
5,5,5,
2,2,2,
2,2,2,
2,2,2,
2,2,2,
2,2,2,
B
179,179,179,179,179,179,179,179,179,179,179,179,
 91, 91,  0,  0,  0,140,  0, 91, 91, 91, 91, 91,
193,197,  0,  0,136,  0,  0,193,197,197,193,197,
139,  0,190,  0,  0,  0,  0,  0,  0,  0,139,  0,
 84,  0,  0,  0,  0,  0,190,  0,  0,136,  0,  0,
 85,  0,  0,  0,  0,  0,  0,  0,195,  0,  0,  0,
 84,  0,  0,  0,  0,  0,  0,  0,  0,  0,  0,192,
 85,  0,192,  0,139,  0,  0,  0,  0,  0,  0,  0,
 84,  0,  0,  0,  0,  0,  0,  0,  0,139,  0,  0,
 85,  0,  0,  0,  0,  0,190,  0,  0,  0,  0,  0,
  0,  0,  0,  0,  0,  0,  0,  0,  0,  0,  0,  0,
  0,  0,  0,  0,  0,  0,  0,  0,  0,  0,  0,  0,
A
5,3,3,
5,3,3,
3,3,3,
3,3,3,
3,3,3,
3,3,3,
B
144, 72,  0,181,178,178,178,178,178,178,178,178,
166, 72,  0,181,  0,  0,  0,  0,  0,  0,  0,  0,
  0,  0,140,181,  0,  0,  0,  0,  0,  0,  0,137,
180,180,180,180,  0,  0,  0,  0,  0,  0,  0,  0,
172,136,  0,  0,  0,  0,  0,  0,  0,  0,  0,  0,
  0,  0,  0,  0,  0,  0,  0,  0,  0,  0,  0,  0,
  0,  0,  0,  0,  0,  0,  0,  0,  0,  0,  0,  0,
129,174,129,  0,129,  0,129,  0,129,174,129,  0,
  0,  0,  0,  0,  0,  0,  0,  0,  0,  0,  0,  0,
  0,  0,  0,  0,  0,  0,  0,  0,  0,  0,  0,  0,
  0,  0,  0,  0,  0,  0,  0,  0,137,  0,  0,  0,
127,127,127,127,127,127,127,127,127,127,127,127,
C
 68,  0,  0,  0,  0,  0,  0,  0,  0,  0,  0,  0,
 45,  0,  0,  0,  0,  0,  0,  0,  0,  0,  0,  0,
  0,  0,  0,  0,  0,  0,  0,  0,  0,  0,  0,  0,
  0,  0,  0,  0,  0,  0,  0,  0,  0,  0,  0,  0,
  0,  0,  0,  0,  0,  0,  0,  0,  0,  0,  0,  0,
  0,  0,  0,  0,  0,  0,  0,  0,  0,  0,  0,  0,
  0,  0,  0,  0,  0,  0,  0,  0,  0,  0,  0,  0,
  0,  0,  0,  0,  0,  0,  0,  0,  0,  0,  0,  0,
  0,  0,  0,  0,  0,  0,  0,  0,  0,  0,  0,  0,
  0,  0,  0,  0,  0,  0,  0,  0,  0,  0,  0,  0,
  0,  0,  0,  0,  0,  0,  0,  0,  0,  0,  0,  0,
  0,  0,  0,  0,  0,  0,  0,  0,  0,  0,  0,  0,
A
3,3,3,
5,3,3,
5,3,3,
5,3,3,
5,3,3,
5,3,3,
B
 28, 29, 30,130,  0,  0,  0,  0,  0,174,  0,  0,
 21, 22, 23,  0,  0,  0,  0,  0,  0,  0,  0,  0,
 91, 91, 91, 91,  0,  0,  0,  0,  0,  0,  0,  0,
  0,  0,187,181,172,  0,  0,  0,  0,137,  0,  0,
  0,  0,  0,181,  0,  0,  0,  0,  0,  0,  0,  0,
 96, 97,  0,181,  0,  0,  0,  0,  0,  0,  0,  0,
 98, 99,  0,181,  0,  0,  0,  0,  0,174,  0,  0,
  0,  0,  0,181,  0,  0,  0,  0,136,  0,  0,  0,
187,  0,  0,181,  0,  0,  0,  0,  0,  0,  0,  0,
  0,  0,  0,181,  0,  0,  0,  0,  0,  0,  0,  0,
146,146,187,181,178,178,178,178,178,178,178,178,
146,146,  0,181,178,178,178,178,178,178,178,178,
A
5,3,3,
3,3,3,
3,3,5,
3,3,5,
3,3,5,
3,3,3,
B
107,107,107,181,  0,  0,  0,  0,174, 18, 19, 20,
180,180,180,183,172,  0,  0,  0,130, 18, 19, 20,
136,  0,  0,130,  0,  0,  0,  0,  0, 28, 29, 30,
  0,  0,  0,  0,  0,  0,  0,  0,130, 21, 22, 23,
  0,  0,  0,130,  0,  0,  0,  0,186,179,179,179,
  0,  0,  0,  0,  0,  0,  0,  0,182,  0,  0,140,
 24, 25, 26,130,137,  0,  0,  0,182,  0,187,  0,
 18, 19, 20,  0,  0,  0,  0,  0,182,  0,  0,  0,
 18, 19, 20,130,  0,  0,  0,  0,182,  0,  0,  0,
 18, 19, 20,  0,  0,  0,  0,172,184,180,180,180,
 18, 19, 20,130,  0,136,  0,  0,  0,  0,  0,136,
 18, 19, 20,174,  0,  0,  0,  0,  0,  0,  0,  0,
A
3,3,3,
5,3,3,
5,3,3,
5,3,3,
5,3,3,
5,3,3,
B
 28, 29, 30, 28, 29, 30, 28, 29, 30, 28, 29, 30,
 21, 22, 23, 21, 22, 23, 21, 22, 23, 21, 22, 23,
179,179,179,185,172,  0,  0,  0,  0,  0,  0,  0,
107,  0,  0,181,  0,  0,  0,  0,130,137,  0,  0,
  0,  0,  0,181,  0,  0,  0,136,  0,  0,  0,  0,
187,  0,  0,181,  0,  0,  0,  0,130,  0,  0,  0,
  0,  0,  0,181,  0,  0,  0,  0,174,  0,  0,  0,
  0,140,  0,181,  0,  0,  0,  0,130,  0,  0,  0,
  0,  0,  0,181,  0,  0,  0,  0,  0, 24, 25, 26,
  0,  0,  0,181,  0,  0,  0,  0,130, 18, 19, 20,
  0,  0,187,181,  0,  0,  0,  0,  0, 18, 19, 20,
140,  0,  0,181,  0,  0,136,  0,130, 18, 19, 20,
C
  0,  0,  0,  0,  0,  0,  0,  0,  0,  0,  0,  0,
  0,  0,  0,  0,  0,  0,  0,  0,  0,  0,  0,  0,
101,  0,  0,  0,  0,  0,  0,  0,  0,  0,  0,  0,
  0,  0,  0,  0,  0,  0,  0,  0,  0,  0,  0,  0,
  0,  0,  0,  0,  0,  0,  0,  0,  0,  0,  0,  0,
  0,  0,  0,  0,  0,  0,  0,  0,  0,  0,  0,  0,
  0,  0,  0,  0,  0,  0,  0,  0,  0,  0,  0,  0,
  0,  0,  0,  0,  0,  0,  0,  0,  0,  0,  0,  0,
  0,  0,  0,  0,  0,  0,  0,  0,  0,  0,  0,  0,
  0,  0,  0,  0,  0,  0,  0,  0,  0,  0,  0,  0,
  0,  0,  0,  0,  0,  0,  0,  0,  0,  0,  0,  0,
  0,  0,  0,  0,  0,  0,  0,  0,  0,  0,  0,  0,
A
3,3,3,
3,3,3,
3,3,3,
3,3,3,
3,3,3,
3,3,3,
B
 91, 91, 91,  0,  0,101,  0,  0,  0,134,133,  0,
188,  0,  0,136,194,  0,  0,195,  0,  0,187,  0,
141,  0,  0,  0,132,135,  0,  0,  0,  0,207,  0,
111,139,  0,  0,  0,132,135,172,  0,207,  0,  0,
  0,197,  0,  0,  0,140,132,135,  0,  0,207,137,
  0,  0,  0,  0,  0,  0,  0,  0,  0,  0,  0,  0,
 24, 25, 26, 24, 25, 26, 24, 25, 26, 24, 25, 26,
 18, 19, 20, 18, 19, 20, 18, 19, 20, 18, 19, 20,
 18, 19, 20, 18, 19, 20, 18, 19, 20, 18, 19, 20,
 18, 19, 20, 18, 19, 20, 18, 19, 20, 18, 19, 20,
 18, 19, 20, 18, 19, 20, 18, 19, 20, 18, 19, 20,
 18, 19, 20, 18, 19, 20, 18, 19, 20, 18, 19, 20,
