A
1,1,1,
1,1,1,
1,1,1,
1,1,1,
1,1,1,
1,1,1,
B
  0,  0,  0,  0,  0,  0,  0,  0,  0,  0,  0,  0,
  0,  0,  0,  0,  0,  0,  0,  0,  0,  0,  0,  0,
  0,  0,  0,  0,  0,  0,  0,  0,  0,  0,  0,  0,
  0,  0,  0,  0,  0,  0,  0,  0,  0,  0,  0,  0,
  0,  0,  0,  0,  0,  0,  0,  0,  0,  0,  0,  0,
  0,  0,  0,  0,  0,  0,  0,  0,  0,  0,  0,  0,
  0,  0,  0,  0,  0,  0,  0,  0,  0,  0,  0,  0,
  0,  0,  0,  0,  0,  0,  0,  0,  0,  0,  0,  0,
  0,  0,  0,  0,  0,  0,  0,  0,  0,  0,  0,  0,
  0,  0,  0,  0,  0,  0,  0,  0,  0,  0,  0,  0,
  0,  0,  0,  0,  0,  0,  0,  0,  0,  0,  0,  0,
  0,  0,  0,  0,  0,  0,  0,  0,  0,  0,  0,  0,
A
0,0,3,
1,0,0,
3,1,2,
0,1,0,
1,1,1,
1,1,1,
B
  0,  0,  0,  0,  0,  0,  0,  0,  0,  0,  0,  0,
  0,  0,  0,  0,  0,  0,  0,  0,  0,  0,  0,  0,
  0,  0,160,  0,  0,  0,  0,  0,  0,  0,  0,  0,
  0,  0,  0,  0,  0,  0,  0,  0,161, 28, 29, 29,
  0,  0,  0,  0,  0,  0,  0,  0,  0,  0, 28, 29,
  0,  0,  0,  0,153,  0,  0,  0,154,  0,  0,  0,
 48, 48,  0,  0,  0,  0,  0,  0,  0,  0,  0,  0,
 87, 87, 87, 87,204,204,204, 87, 87, 87, 87, 87,
 84, 84, 84, 84,204,204,204, 84, 84, 84, 84, 84,
 86, 86, 86, 86,204,204,204, 86, 86, 86, 86, 86,
  0,  0,  0,  0,  0,  0,  0,  0,  0,  0,  0,  0,
  0,  0,  0,  0,  0,  0,  0,  0,  0,  0,  0,  0,
A
0,1,0,
0,3,0,
0,0,2,
3,0,1,
0,0,0,
0,1,0,
B
  0,  0,  0,  0,  0,  0,  0,149,147,147,147,147,
  0,154,  0,  0,  0,  0,  0,  0,  0,  0,154,  0,
  0,  0,  0,  0,  0,161,163,  0,  0,  0,  0,  0,
  0,  0,  0,  0,  0,  0,  0,  0,  0,  0,  0,  0,
  0,  0,  0,  0,  0,  0,  0,  0,  0,  0,  0,  0,
 16, 17,  0,  0,  0,  0,  0,  0,  0,  0,  0,  0,
 18, 19,  0,  0, 83, 83, 28, 29, 83, 83,  0,  0,
  0,154,  0,  0,  0,  0,  0,  0,  0,  0,  0,  0,
  0,  0,  0,  0,154,  0,  0,  0,  0,  0,  0,  0,
  0,  0,  0,  0,  0,  0,  0,  0,  0,  0,  0,  0,
 29, 29, 29,  0,  0,  0,  0,  0,  0,  0,  0,  0,
  0,  0,  0,  0,  0,  0,157,  0,  0,  0,154,  0,
A
0,3,0,
2,0,0,
1,0,3,
0,3,3,
0,0,0,
1,0,0,
B
  0,148,  0,  0,  0,  0,  0, 16, 23, 23, 23, 17,
  0,148,  0,  0,  0,  0,  0, 20, 24, 24, 24, 21,
  0,148,  0,  0, 25,  0,  0, 20, 24, 24, 24, 21,
  0,148,  0,  0,  0,  0,  0, 20, 24, 24, 24, 21,
  0,148,  0,160,  0,  0,  0, 18, 22, 22, 22, 19,
  0,148,  0,  0,162,  0,  0,  0,  0,  0,154,  0,
  0,148,  0,  0,  0,  0,  0,  0,  0,  0,  0,  0,
  0,149,147,147,147,147,147,151,  0,  0,  0,  0,
  0,  0,  0,  0,  0,  0,  0,148,  0,  0,  0,  0,
  0,  0,  0,  0,  0,  0,  0,148,  0,  0,  0,  0,
 29, 29, 29, 29, 29,  0,  0,148,  0,157,  0,  0,
  0,  0,  0,  0,  0,  0,  0,148,  0,  0,  0,  0,
A
1,0,3,
0,3,3,
0,0,0,
1,1,1,
0,0,3,
3,3,0,
B
  0,  0,  0,  0,  0,  0,  0,  0,  0,  0,  0,  0,
  0,  0,  0,  0,  0,  0,  0,  0,  0,  0,  0,  0,
  0,  0,  0,  0,  0,  0,158,  0,  0,  0,  0,  0,
  0,  0,  0,  0,  0,  0,  0,  0,  0,  0,  0,  0,
  0,  0,154,  0,  0,  0,  0,  0,  0,  0,154,  0,
  0,  0,  0,164,  0,  0,  0,  0,  0,  0,  0,  0,
  0,  0,  0,  0,  0,  0,  0,  0,  0,  0,  0,  0,
  0,  0,  0,  0,  0,  0,  0,  0,  0,  0,  0,  0,
  0,  0,  0,  0,  0,  0,154,  0,  0,  0,  0,  0,
  0,  0,  0,  0,  0,  0,  0,  0,  0,  0,  0,157,
  0,  0,  0,  0,  0,  0,  0,  0,  0,  0,  0,  0,
147,151,  0,  0,  0,  0,  0,  0,  0,  0,  0,  0,
A
2,2,2,
2,3,0,
0,3,3,
1,0,0,
0,1,0,
2,0,0,
B
  0,  0,  0,  0,  0,  0,  0,  0,  0,  0,  0,  0,
  0,  0,  0,  0,  0,  0,  0,  0,  0,  0,  0,  0,
  0,  0,  0,  0,  0,  0,  0,  0,  0,  0, 48, 48,
  0,  0,  0,  0,  0,  0,  0,  0,  0,  0,157,  0,
  0,  0,158,  0,  0,  0,  0,  0,  0,  0,  0,  0,
  0,  0,  0,  0,  0,  0,  0,154,  0,  0,  0,  0,
  0,  0,154,  0,  0,  0,  0,  0,  0,  0,  0,  0,
  0,  0,  0,  0,  0,  0,  0,  0,  0,  0,  0,  0,
  0,  0,  0,  0,  0,153,  0,  0,  0,  0,  0,  0,
  0,  0,157,  0,  0,  0,  0,  0,  0,154,  0,  0,
  0,  0,  0,  0,  0,  0,  0,  0,  0,  0,  0,  0,
  0,  0,  0,  0,  0,  0,  0,  0,  0,  0,  0,  0,
A
2,2,2,
2,2,2,
2,2,2,
2,2,2,
2,2,2,
2,2,2,
B
  0,  0,  0,  0,  0,  0,  0,  0,  0,  0,  0,  0,
  0,  0,  0,  0,  0,  0,  0,  0,  0,  0,  0,  0,
  0,  0,  0,  0,  0,  0,  0,  0,  0,  0,  0,  0,
  0,  0,  0,  0,  0,  0,  0,  0,  0,  0,  0,  0,
  0,  0,  0,  0,  0,  0,  0,  0,  0,  0,  0,  0,
  0,  0,  0,  0,  0,  0,  0,  0,  0,  0,  0,  0,
  0,  0,  0,  0,  0,  0,  0,  0,  0,  0,  0,  0,
  0,  0,  0,  0,  0,  0,  0,  0,  0,  0,  0,  0,
  0,  0,  0,  0,  0,  0,  0,  0,  0,  0,  0,  0,
  0,  0,  0,  0,  0,  0,  0,  0,  0,  0,  0,  0,
  0,  0,  0,  0,  0,  0,  0,  0,  0,  0,  0,  0,
  0,  0,  0,  0,  0,  0,  0,  0,  0,  0,  0,  0,
<<<<<<<
A
2,2,2,
2,2,2,
2,2,2,
2,2,2,
2,2,2,
2,2,2,
B
  0,  0,  0,  0,  0,  0,  0,  0,  0,  0,  0,  0,
  0,  0,  0,  0,  0,  0,  0,  0,  0,  0,  0,  0,
  0,  0,  0,  0,  0,  0,  0,  0,  0,  0,  0,  0,
  0,  0,  0,  0,  0,  0,  0,  0,  0,  0,  0,  0,
  0,  0,  0,  0,  0,  0,  0,  0,  0,  0,  0,  0,
  0,  0,  0,  0,  0,  0,  0,  0,  0,  0,  0,  0,
  0,  0,  0,  0,  0,  0,  0,  0,  0,  0,  0,  0,
  0,  0,  0,  0,  0,  0,  0,  0,  0,  0,  0,  0,
  0,  0,  0,  0,  0,  0,  0,  0,  0,  0,  0,  0,
  0,  0,  0,  0,  0,  0,  0,  0,  0,  0,  0,  0,
  0,  0,  0,  0,  0,  0,  0,  0,  0,  0,  0,  0,
  0,  0,  0,  0,  0,  0,  0,  0,  0,  0,  0,  0,
A
1,1,1,
1,2,1,
1,2,1,
1,1,2,
2,2,2,
2,2,2,
B
  0,  0,  0,  0,  0,  0,  0,  0,  0,  0,  0,  0,
  0,  0,  0,  0,  0,  0,  0,165,  0,  0,  0,123,
  0,  0,  0,  0,  0,  0,  0,  0,  0,  0,  0,  0,
  0,  0,  0,  0,  0, 12, 13,  0,  0,  0,  0,  0,
  0,166,  0,  0,  0, 14, 15,  0,  0,  0,  0,  0,
  0,  0,  0,  0,  0,  0,  0,  0,  0,168,  0,  0,
  0,  0,  0,  0,  0,  0,  0,  0,  0,  0,  0,  0,
 89, 90, 91,  0,  0,  0, 28, 29, 29, 29, 29, 29,
 92, 93, 95,  0,  0,  0,  0,  0,  0,  0,  0, 30,
 96, 97, 98,  0,  0,  0,161,  0,  0,161,  0,  0,
  0,  0,  0,  0,  0,  0,  0,  0,  0,  0,  0,  0,
  0,  0,  0,  0,  0,  0,  0,  0,  0,  0,  0,  0,
A
1,3,1,
2,1,3,
1,1,1,
1,1,1,
1,3,1,
2,1,1,
B
  0,  0,  0,  0,  0,  0,  0,170,  0,  0,  0,  0,
  0,  0,  0,  0,  0,  0,  0,  0,  0,123,123,123,
  0,  0,  0,169,  0,  0,  0,  0,  0,  0,  0,  0,
  0,  0,  0,  0,  0,  0,  0,  0,161,  0,  0,  0,
  0,  0,  0,  0,  0,  0,  0,  0,  0,  0,  0,  0,
165,  0,  0,  0,  0,168,  0,  0,  0,  0,  0,  0,
  0,  0,  0,  0,  0,  0,  0,  0,  0,  0,  0,  0,
  0,  0,  0,  0,  0,  0,  0,  0,  0,168,  0,  0,
  0,  0,  0,  0,123,123,123,123,  0,  0,  0,  0,
  0,  0,  0,  0,  0,  0,  0,  0,  0,  0,  0,  0,
  0,  0,161,  0,  0,  0,  0,  0,  0,  0,  0,  0,
  0,  0,  0,164,  0,  0,  0,  0,  0,  0,  0,  0,
A
1,1,1,
1,1,0,
3,1,1,
2,1,1,
2,1,2,
2,1,2,
B
  0,  0,  0,  0,  0,  0,  0,  0,  0,  0,  0,  0,
  0,  0,  0,  0,  0,  0,  0,  0,  0,  0,  0,  0,
  0,157,  0,  0,  0,  0,  0,  0,  0,  0,171,  0,
  0,  0,  0,  0,  0,  0,  0,  0,  0,  0,  0,  0,
  0,  0,  0,  0,  0,  0,  0,  0,  0,  0,  0,  0,
  0,  0,168,  0,  0,  0,  0,  0,  0,  0,  0,  0,
  0,  0,  0,  0,  0,  0,  0,165,  0,  0,  0,  0,
  0,  0,  0,  0,  0,  0,  0,  0,  0,  0,  0,  0,
 44, 44, 44, 45,  0,  0,  0,  0, 46, 44, 44, 44,
161,  0,  0,  0,  0,  0,  0,  0,  0,  0,  0,  0,
  0,  0,  0,  0,  0,  0,  0,  0,168,  0,  0,  0,
123,123,123,  0,168,  0,  0,  0,161,  0,  0,  0,
A
1,1,1,
3,1,1,
1,1,1,
1,1,1,
3,1,1,
1,1,0,
B
 21,159,  0,163,162,  0,154,  0,160,157,  0, 20,
 21,  0,165,  0,160,  0,  0,  0,  0,159,  0, 20,
 21,  0,  0,  0,  0,  0,  0,  0,  0,  0,161, 20,
 21,160,  0,  0,  0,  0,  0,  0,  0,  0,  0, 20,
 24, 23, 23, 23, 17,  0,  0, 16, 23, 23, 23, 24,
 22, 22, 22, 22, 19,  0,160, 18, 22, 22, 22, 22,
  0,157,  0,  0,  0,  0,  0,  0,  0,  0,  0,  0,
  0,  0,  0,  0,161,  0,  0,  0,  0,168,  0,  0,
  0,  0,  0,  0,  0,  0,  0,  0,  0,  0,  0,  0,
  0,  0,161,  0,  0,  0,  0,  0,  0,  0,  0,  0,
  0,  0,  0,  0,  0,  0,  0,  0,  0,  0,157,  0,
  0,  0,  0,  0, 88,  0,  0, 88,  0,168,  0,  0,
A
4,4,4,
1,1,1,
1,1,1,
1,1,1,
1,1,1,
1,1,1,
B
  0,  0,  0,  0,  0,  0,  0,  0,  0,  0,  0,  0,
  0,  0,  0,  0,  0,  0,  0,  0,  0,  0,  0,  0,
 44, 44, 45, 11,131,131,131,131, 11, 46, 44, 44,
 17,  0,  0,179,  0,  0,  0,  0,179,  0,  0, 16,
 21,  0,  0,  0,157,  0,  0,  0,  0,  0,161, 20,
 21,  0,  0,  0,  0,  0,159,  0,  0,  0,  0, 20,
 21,  0,  0, 11,160,163,  0,  0, 11,  0,  0, 20,
 21,  0,162,179,  0,  0,  0,  0,179,  0,  0, 20,
 21,  0,163,  0,159,  0,  0,  0,163,159,  0, 20,
 21,  0,154,  0,  0,  0,  0,  0,  0,  0,  0, 20,
 21,  0,  0, 11,  0,  0,  0,  0, 11,  0,  0, 20,
 21,  0,  0,179,  0,  0,  0,159,179,  0,  0, 20,
A
4,4,4,
4,4,4,
4,4,4,
4,4,4,
4,4,4,
4,4,4,
B
  0,  0,  0,  0,  0,  0,  0,  0,  0,  0,  0,  0,
  0,  0,  0,  0,  0,  0,  0,  0,  0,  0,  0,  0,
  0,  0,  0,  0,  0,  0,  0,  0,  0,  0,  0,  0,
  0,  0,  0,  0,  0,  0,  0,  0,  0,  0,  0,  0,
  0,  0,  0,  0,  0,  0,  0,  0,  0,  0,  0,  0,
  0,  0,  0,  0,  0,  0,  0,  0,  0,  0,  0,  0,
  0,  0,  0,  0,  0,  0,  0,  0,  0,  0,  0,  0,
  0,  0,  0,  0,  0,  0,  0,  0,  0,  0,  0,  0,
  0,  0,  0,  0,  0,  0,  0,  0,  0,  0,  0,  0,
  0,  0,  0,  0,  0,  0,  0,  0,  0,  0,  0,  0,
  0,  0,  0,  0,  0,  0,  0,  0,  0,  0,  0,  0,
  0,  0,  0,  0,  0,  0,  0,  0,  0,  0,  0,  0,
>>>>>
A
4,4,4,
4,4,4,
4,4,4,
4,4,4,
4,4,4,
4,4,4,
B
  0,  0,  0,  0,  0,  0,  0,  0,  0,  0,  0,  0,
  0,  0,  0,  0,  0,  0,  0,  0,  0,  0,  0,  0,
  0,  0,  0,  0,  0,  0,  0,  0,  0,  0,  0,  0,
  0,  0,  0,  0,  0,  0,  0,  0,  0,  0,  0,  0,
  0,  0,  0,  0,  0,  0,  0,  0,  0,  0,  0,  0,
  0,  0,  0,  0,  0,  0,  0,  0,  0,  0,  0,  0,
  0,  0,  0,  0,  0,  0,  0,  0,  0,  0,  0,  0,
  0,  0,  0,  0,  0,  0,  0,  0,  0,  0,  0,  0,
  0,  0,  0,  0,  0,  0,  0,  0,  0,  0,  0,  0,
  0,  0,  0,  0,  0,  0,  0,  0,  0,  0,  0,  0,
  0,  0,  0,  0,  0,  0,  0,  0,  0,  0,  0,  0,
  0,  0,  0,  0,  0,  0,  0,  0,  0,  0,  0,  0,
A
4,4,4,
4,4,4,
4,4,4,
4,4,4,
4,4,4,
4,4,4,
B
  0,  0,  0,  0,  0,  0,  0,  0,  0,  0,  0, 92,
147,147,147,147,151,  0,  0,121,  0,  0,  0, 92,
 89, 90, 91,  0,148,154,  0,122,  0,  0,  0, 92,
 92, 94, 95,  0,148,  0,  0,  0,  0,  0,  0, 92,
 92, 94, 95,  0,148,  0,  0,  0,  0,  0,175, 96,
 96, 97, 98,  0,149,147,147,147,147,147,147,147,
175,  0,  0,  0,  0,  0,156,  0,  0,  0,157,  0,
147,147,147,147,147,147,147,147,147,147,147,147,
  0,  0,  0,  0,  0,154,156,  0,  0,156,  0,  0,
  0,  0, 28, 29, 29, 29, 29, 29, 29, 29, 29, 29,
  0,  0,  0,  0,  0,  0,  0,  0,  0,  0,  0,  0,
  0,  0,  0,  0,  0,  0,  0,  0,  0,  0,  0,  0,
A
4,4,4,
4,4,4,
4,4,4,
4,4,4,
4,4,4,
4,4,4,
B
  0,  0,  0,  0,  0,  0,  0,  0,  0,  0,  0,  0,
  0,  0,156,  0,  0,  0,  0,  0,  0,154,  0,  0,
  0,  0,  0,  0,175,  0,  0,  0,  0,  0,  0,157,
  0,  0,  0,  0,  0,  0,  0,  0,  0,  0,  0,  0,
  0,  0,  0,152,147,147,147,147,147,147,147,147,
154,  0,  0,148, 89, 90, 91, 89, 90, 91,154,  0,
  0,  0,  0,148, 92, 94, 95, 92, 93, 95,  0,152,
  0,  0,  0,148, 96, 97, 98, 92, 94, 95,  0,149,
  0,  0,  0,148,  0,  0,  0, 92, 93, 95,  0,  0,
147,147,147,150,  0,  0,  0, 96, 97, 98,  0,  0,
  0,  0,  0,  0,  0,154,  0,175,  0,  0,  0,  0,
  0,157,  0,  0,  0,  0,  0,  0,  0,154,  0, 89,
A
4,4,4,
4,4,4,
4,4,4,
4,4,4,
4,4,4,
4,4,4,
B
  0,165,  0,  0,  0,156,  0,  0,  0,  0,  0,  0,
  0,  0,  0,  0,  0,  0,  0,161,  0,  0,  0,  0,
  0,  0,  0,  0,157,  0,163,  0,  0,  0,  0,  0,
188,188,188,188,188,188,188,188,188,188,188,188,
187,187,187,187,187,187,187,187,187,187,187,187,
  0,  0,160,  0,  0,  0,  0,  0,  0,  0,  0,  0,
154,  0,  0,162,  0,  0,  0,  0,  0,167,  0,  0,
206,206,207,207,206,207,207,207,207,207,206,206,
157,  0,  0,  0,  0,  0,  0,  0,  0,  0,  0,  0,
206,206,207,206,206,206,206,206,207,206,206,206,
  0,  0,  0,  0,  0,  0,156,  0,  0,  0,154,  0,
  0,175,  0,  0,  0,  0,  0,  0,175,  0,  0,  0,
A
4,4,4,
4,4,4,
4,4,4,
4,4,4,
4,4,4,
4,4,4,
B
  0,166,  0,  0,  0,122,  0,152,147,147,147,151,
  0,  0,  0,  0,  0,  0,  0,148,  0,121,  0,148,
147,151,157,  0,152,147,147,150,  0,122,  0,148,
  0,149,147,147,150,  0,  0,  0,  0,  0,  0,148,
  0,  0,  0,  0,  0,152,147,147,147,147,147,150,
  0,154,  0,  0,  0,148,165,  0,  0,  0,  0,  0,
  0,  0,121,  0,154,148,  0,  0,  0,  0,  0,  0,
  0,  0,122,  0,  0,148,  0,  0,156,  0,154,  0,
156,  0,  0,  0,  0,148,154,  0,  0,  0,  0,  0,
  0,  0,  0,154,  0,148,  0,  0,  0,157,  0,  0,
147,147,147,147,147,150,  0,  0,  0,  0,  0,  0,
  0,  0,  0,  0,  0,  0,  0,  0,  0,  0,166,  0,
A
4,4,4,
4,4,4,
4,4,4,
4,4,4,
4,4,4,
4,4,4,
B
  0,  0,  0,  0,  0,  0,  0,  0,  0,  0,  0,  0,
157,  0,  0,  0,  0,  0,  0,  0,  0,  0,  0,  0,
147,151, 28, 29, 29, 29, 29, 29, 29, 29, 29, 29,
  0,148,  0,154, 89, 90, 91, 89, 90, 91, 89, 90,
156,148,  0,154, 92, 93, 95, 92, 93, 95, 92, 93,
  0,148,  0,  0, 96, 97, 98, 92, 94, 95, 92, 94,
  0,148,  0,  0,  0,  0,  0, 96, 97, 98, 92, 93,
  0,148,  0,168,  0,  0,  0,  0,  0,  0, 96, 97,
  0,148,  0,  0,  0,  0,165,  0,  0,  0,  0,157,
156,148,  0,  0,  0,  0,  0,  0,156,  0,  0,  0,
  0,149,147,147,147,147,147,147,147,147,147,147,
  0,  0,  0,  0,  0,121,  0,  0,  0,  0,  0,  0,
A
4,4,4,
4,4,4,
4,4,4,
4,4,4,
4,4,4,
4,4,4,
B
  0,  0,  0,  0,  0,  0,  0,  0,  0,  0,  0,  0,
  0,  0,  0,  0,  0,  0,  0,  0,  0,  0,  0,  0,
  0,  0,  0,  0,  0,  0,  0,  0,  0,  0,  0,  0,
  0,  0,  0,  0,  0,  0,  0,  0,  0,  0,  0,  0,
  0,  0,  0,  0,  0,  0,  0,  0,  0,  0,  0,  0,
  0,  0,  0,  0,  0,  0,  0,  0,  0,  0,  0,  0,
  0,  0,  0,  0,  0,  0,  0,  0,  0,  0,  0,  0,
  0,  0,  0,  0,  0,  0,  0,  0,  0,  0,  0,  0,
  0,  0,  0,  0,  0,  0,  0,  0,  0,  0,  0,  0,
  0,  0,  0,  0,  0,  0,  0,  0,  0,  0,  0,  0,
  0,  0,  0,  0,  0,  0,  0,  0,  0,  0,  0,  0,
  0,  0,  0,  0,  0,  0,  0,  0,  0,  0,  0,  0,
<<<<<
A
4,4,4,
4,4,4,
4,4,4,
4,4,4,
4,4,4,
4,4,4,
B
  0,  0,  0,  0,  0,  0,  0,  0,  0,  0,  0,  0,
  0,  0,  0,  0,  0,  0,  0,  0,  0,  0,  0,  0,
  0,  0,  0,  0,  0,  0,  0,  0,  0,  0,  0,  0,
  0,  0,  0,  0,  0,  0,  0,  0,  0,  0,  0,  0,
  0,  0,  0,  0,  0,  0,  0,  0,  0,  0,  0,  0,
  0,  0,  0,  0,  0,  0,  0,  0,  0,  0,  0,  0,
  0,  0,  0,  0,  0,  0,  0,  0,  0,  0,  0,  0,
  0,  0,  0,  0,  0,  0,  0,  0,  0,  0,  0,  0,
  0,  0,  0,  0,  0,  0,  0,  0,  0,  0,  0,  0,
  0,  0,  0,  0,  0,  0,  0,  0,  0,  0,  0,  0,
  0,  0,  0,  0,  0,  0,  0,  0,  0,  0,  0,  0,
  0,  0,  0,  0,  0,  0,  0,  0,  0,  0,  0,  0,
A
4,4,4,
4,4,4,
4,4,4,
4,4,4,
4,4,4,
4,4,4,
B
  0,  0,  0,  0,  0,148,  0,  0,  0,  0,  0,  0,
154,  0,  0,  0,  0,148,  0,  0,  0,156,  0,  0,
  0,  0,  0,161,  0,148,154,  0,  0,175,  0,  0,
  0,  0,  0,  0,  0,148, 89, 90, 91,  0,  0,  0,
  0,  0,  0,  0,  0,148, 92, 94, 95,  0,  0,  0,
 12, 13,  0,  0,  0,148, 96, 97, 98,  0,157,  0,
 14, 15,  0,  0,  0,148,  0,  0,  0,  0,  0,164,
  0,  0,  0,  0,155,148,  0,  0,  0,  0,  0,163,
  0,  0,  0,  0,  0,148, 26, 27,  0,154,  0,  0,
154,  0,  0,  0,175,149,147,147,147,147,147,147,
  0,  0,  0,  0,  0,  0,  0,  0,  0,  0,  0,  0,
  0,  0,  0,  0,  0,  0,  0,  0,  0,  0,  0,  0,
A
4,4,4,
4,4,4,
4,4,4,
4,4,4,
4,4,4,
4,4,4,
B
148,  0,  0,  0, 89, 90, 91,  0,  0,  0,  0,  0,
148,  0,  0,  0, 92, 94, 95,  0,  0,154,  0,  0,
148,  0,  0,  0, 96, 97, 98,  0,  0,  0,  0,  0,
148,164,  0,  0,  0,  0,155,  0,  0,  0,  0,175,
148,  0,  0,  0,154,  0,  0,  0, 26, 27,  0,  0,
148,  0,  0,  0,  0,  0,  0,  0,  0,  0,  0,  0,
149,147,147,147,147,151,  0,  0,  0,155,  0,  0,
154,  0,  0,  0,  0,148,  0,  0,  0,  0,  0,  0,
  0,175,  0,  0,  0,148, 16, 17,  0,  0,  0,  0,
  0,  0,  0,  0,  0,148, 18, 19,  0,  0,  0,  0,
  0,  0,  0,  0,  0,148,  0,  0,  0,  0,154,  0,
  0,156,  0,  0,  0,148,  0,  0,  0,  0,  0,  0,
A
4,4,4,
4,4,4,
4,4,4,
4,4,4,
4,4,4,
4,4,4,
B
155,  0,  0,  0,  0,  0,  0,  0,  0,  0,  0,  0,
  0,  0,  0,  0,  0,  0,  0,158,  0,  0,155,  0,
  0,  0,  0,156,  0,  0,  0,  0,  0,  0,  0,  0,
  0,  0,  0,  0,  0,  0,  0,  0,  0,  0,  0,  0,
  0,157,  0,  0,  0,  0,  0,  0,  0,175,  0,  0,
  0,  0,  0,  0,  0,  0,156,  0,  0,  0,  0,  0,
  0,  0,  0,  0,  0,  0,  0,  0,  0,153,  0,  0,
  0,  0,  0,  0,  0,  0,  0,  0,  0,  0,  0,  0,
155,  0,  0,  0,175,  0,  0,155,  0,  0,  0,  0,
  0,  0,158,  0,  0,  0,  0,  0,  0,161,162,  0,
  0,  0,  0,  0,  0,  0,  0,  0,  0,  0,  0,  0,
152,147,147,147,147,147,147,147,147,147,147,147,
A
4,4,4,
4,4,4,
4,4,4,
4,4,4,
4,4,4,
4,4,4,
B
 19,  0,168,  0,  0,  0,  0,  0,  0,  0,  0, 18,
  0,  0,  0,  0,  0,  0,  0,  0,  0,  0,  0,  0,
  0,153,  0,  0,  0,  0,153,  0,  0,  0,  0,  0,
  0,  0,  0,  0,  0,  0,  0,  0,  0,167,  0,  0,
  0,  0,  0,  0,  0,  0,  0,  0,  0,  0,153,  0,
  0,  0,  0, 26, 27,  0,  0,  0,  0,  0,  0,  0,
  0,175,  0,  0,  0,  0,  0,  0,  0,  0,  0,164,
  0,  0,  0,  0,  0,  0,  0,  0,  0,  0,  0,  0,
  0,  0,  0,  0,  0,  0,166,  0,  0,  0,  0,  0,
147,147,147,147,147,147,147,147,147,147,147,147,
  0,161,  0,  0,  0,  0,  0,  0,155,  0,  0,  0,
  0,  0,  0,  0,  0,  0,  0,  0,  0,  0,  0,  0,
A
5,5,5,
4,4,4,
4,4,4,
4,4,4,
4,4,4,
4,4,4,
B
 51, 52,  0,112,113,  0,  0,  0,  1,  2,  0,  0,
 23, 23, 23, 23, 23, 23, 23, 23, 23, 23, 23, 23,
 22, 22, 22, 22, 22, 22, 22, 22, 22, 22, 22, 22,
161,  0,  0,  0,  0,  0,  0,  0,  0,  0,155,  0,
  0,  0,175,  0,  0,  0,  0,  0,  0,  0,  0,  0,
 17,  0,  0,  0,  0,168,  0,  0,164,  0,  0, 16,
 21,  0,  0,  0,  0,  0,  0,  0,  0,  0,  0, 20,
 21,  0,  0,160,  0,  0,  0,  0,155,  0,  0, 20,
 21,  0,  0,  0,162,  0,  0,  0,  0,  0,  0, 20,
 21,  0,  0,  0,  0,  0,  0,  0,  0,  0,  0, 20,
 21,  0,  0,  0,  0,  0,  0,  0,175,  0,  0, 20,
 21,  0,  0,  0,  0,  0,  0,  0,  0,  0,  0, 20,
A
5,5,5,
5,5,5,
5,5,5,
5,5,5,
5,5,5,
5,5,5,
B
  0,  0,  0,  0,  0,  0,189,  0,  0,  0,  0,  0,
 88, 31, 88,  0,  0, 88, 34, 35, 31, 88,  0,  0,
  0,  0,  0,  0,  0,  0, 36, 37,  0,  0,  0,  0,
  0,  0,  0,  0,  0,  0, 57,  0,  0,  0,171,  0,
 50,  0,  0,  0,  0,  0,  0,  0,  0,  0,  0,  0,
 52,178,  0,  1,  4,110,111,  0, 53, 54,  0,  0,
  0, 53, 54,  3,  4,112,113,178, 55, 56,  0,  0,
  0, 55, 56,  0, 49, 50,  0,174,  0,  0,  0,177,
  0,  0,  0,176, 51, 52,  0,178,  0,110,111,  0,
111,  0,  0,  0,  0,  0, 53, 54,  0,112,113, 49,
113,169,  0,  0,  0,  0, 55, 56,  0,  0,  0, 51,
 49, 50,  0,110,111,  0,  0,  0,  0,  0,  0,  0,

