A
3,3,3,
3,3,3,
3,3,3,
3,3,3,
3,3,3,
3,3,3,
B
  0,  0,  0,  0,  0,  0,  0,  0,  0,  0,  0,  0,
  0,  0,  0,  0,  0,  0,  0,  0,  0,  0,  0,  0,
  0,  0,  0,  0,  0,  0,  0,  0,  0,  0,  0,  0,
  0,  0,  0,  0,  0,  0,  0,  0,  0,  0,  0,  0,
  0,  0,  0,  0,  0,  0,  0,  0,  0,  0,  0,  0,
  0,  0,  0,  0,  0,  0,  0,  0,  0,  0,  0,  0,
  0,  0,  0,  0,  0,  0,  0,  0,  0,  0,  0,  0,
  0,  0,  0,  0,  0,  0,  0,  0,  0,  0,  0,  0,
  0,  0,  0,  0,  0,  0,  0,  0,  0,  0,  0,  0,
  0,  0,  0,  0,  0,  0,  0,  0,  0,  0,  0,  0,
  0,  0,  0,  0,  0,  0,  0,  0,  0,  0,  0,  0,
  0,  0,  0,  0,  0,  0,  0,  0,  0,  0,  0,  0,

A
3,3,3,
3,3,3,
3,1,1,
3,3,3,
3,3,3,
3,3,3,
B
165,165,165,165,165,138,142,139,165,165,165,165,
142,142,142,142,142,142,142,142,142,142,142,142,
166,166,166,166,166,166,166,166,166,166,166,166,
130,130,130,130,130,130,130,130,130,130,130,130,
  0,  0,  0, 96,  0,  0,  0,  0,181,  0,152,  0,
160,  0,  0,  0,  0,  0,  0,  0,  0,  0,  0, 96,
158,184,155,160,  0,  0,145,  0,  0,  0,  0,  0,
158,  0,156,161,  0,  0,  0,  0,155,160,153,183,
161,155,160,  0,  0,  0,  0,  0,156,161,  0,  0,
 45, 45, 45,  0,  0,180,  0,  0,  0, 45, 45, 45,
  0,  0,  0,  0,  0,  0,  0,  0,  0,  0,  0,  0,
  0,  0,  0,  0,  0,  0,  0,  0,  0,  0,  0,  0,

A
1,1,1,
2,1,1,
1,1,1,
1,1,2,
1,1,1,
1,1,1,
B
  0,  0,  4,  7,132,163,142,164,133, 75,  0,183,
183,  0,  4,  7,132,163,142,164,133, 75,  0,145,
  0,  0,  4,  7,132,163,142,164,133, 75,180,  0,
  0,181,  4,  7,132,163,142,164,133, 75,155,162,
 97,  0,  4, 17,132,163,142,164,133, 75,159,167,
  0,  0,  4,  7,132,163,142,164,133, 75,159,167,
  2,  2,  6,  7,132,163,142,164,133, 75,159,167,
 24,  1, 24,  8,132,163,142,164,133, 75,159,167,
  1,  1,  1,  8,132,163,142,164,133, 75,156,157,
 23,  1, 23,  8,132,163,142,164,133, 75,  0,145,
  0,  0,  0,180,132,163,142,164,133, 79, 45, 45,
131,131,131,131,134,163,142,164,135,131,131,131,

A
1,1,2,
3,1,1,
3,1,1,
1,1,1,
3,1,2,
2,1,1,
B
  0,  0,  4,  7,132,163,142,164,133, 75,  0,  0,
177,177,  4,  7,132,163,142,164,133, 75,  0,145,
  0,  0,  4,  7,132,163,142,164,133, 75,  0,  0,
  0, 97,  4, 17,132,163,142,164,133, 75,182,  0,
177,  0,  4,  7,132,163,142,164,133, 75,  0,155,
  0,179,  4,  7,132,163,142,164,133, 75,145,156,
  0,  0,  4, 17,132,163,142,164,133, 75,  0,  0,
177,177,  4,  7,132,163,142,164,133, 75,  0,180,
  0,  0,  4,  7,132,163,142,164,133, 75,  0,  0,
181,  0,  4,  7,132,163,142,164,133, 75,  0,145,
177,  0,  4,  7,132,163,142,164,133, 75,181,  0,
  0,  0,  4, 17,132,163,142,164,133, 75,  0,  0,

A
1,2,2,
2,2,2,
2,2,2,
3,2,1,
3,2,3,
3,2,1,
B
  0,156,161,  0,132,163,142,164,133,  0,145,  0,
  0,145,  0,180,132,163,142,164,133,  0,  0,  0,
131,131,131,131,134,163,142,164,135,131,131,131,
165,165,165,165,165,138,142,139,165,165,165,165,
142,142,142,142,142,142,142,142,142,142,142,142,
166,166,166,166,166,140,142,141,166,166,166,166,
130,130,130,130,136,163,142,164,137,130,130,130,
  0,  0,  0,  0,132,163,142,164,133,181,  0,  0,
  2,  2, 14,  0,132,163,142,164,133, 77, 45, 45,
 25,  1, 16,  0,132,163,142,164,133, 75,145,155,
  1,  1, 16,  0,132,163,142,164,133, 75,145,156,
  1,  1, 16,  0,132,163,142,164,133, 75,  0,180,
C
  0,  0,  0,  0,  0,  0,  0,  0,  0,  0,  0,  0,
  0,  0,  0,  0,  0,  0,  0,  0,  0,  0,  0,  0,
  0,  0,  0,  0,  0,  0,  0,  0,  0,  0,  0,  0,
  0,  0,  0,  0,  0,  0,  0,  0,  0,  0,  0,  0,
  0,  0,  0,  0,  0,  0,  0,  0,  0,  0,  0,  0,
  0,  0,  0,  0,  0,  0,  0,  0,  0,  0,  0,  0,
  0,  0,  0,  0,  0,  0,  0,  0,  0,  0,  0,  0,
  0,  0,  0,  0,  0,  0,  0,  0,  0,  0,  0,  0,
  0,  0,  0, 15,  0,  0,  0,  0,  0,  0,  0,  0,
  0,  0,  0,  7,  0,  0,  0,  0,  0,  0,  0,  0,
  0,118,  0,  7,  0,  0,  0,  0,  0,  0,  0,  0,
  0, 21,  0,  7,  0,  0,  0,  0,  0,  0,  0,  0,

A
0,0,0,
0,0,0,
0,0,0,
0,0,0,
1,0,3,
1,0,3,
B
  0,  0,  0,  0,  0,  0,  0,  0,  0,  0,  0,  0,
  0,  0,  0,  0,  0,  0,  0,  0,  0,  0,  0,  0,
130,130,130,130,130,130,130,130,130,130,130,130,
131,131,131,131,131,131,131,131,131,131,131,131,
165,165,165,165,165,165,165,165,165,165,165,165,
142,142,142,142,142,142,142,142,142,142,142,142,
166,166,166,166,166,140,142,141,166,166,166,166,
130,130,130,130,136,163,142,164,137,130,130,130,
  0,180,  0, 44,132,163,142,164,133,155,162,162,
  0,  0,  0,  0,132,163,142,164,133,159,167,167,
 44,  0,  0,  0,132,163,142,164,133,159,167,167,
  0,155,160,  0,132,163,142,164,133,156,157,157,
C
  0,  0,  0,  0,  0,  0,  0,  0,  0,  0,  0,  0,
  0,  0,  0,  0,  0,  0,  0,  0,  0,  0,  0,  0,
  0,  0,  0,  0,  0,  0,  0,  0,  0,  0,  0,  0,
  0,  0,  0,  0,  0,  0,  0,  0,  0,  0,  0,  0,
  0,  0,  0,  0,  0,  0,  0,  0,  0,  0,  0,  0,
  0,  0,  0,  0,  0,  0,  0,  0,  0,  0,  0,  0,
  0,  0,  0,  0,  0,  0,  0,  0,  0,  0,  0,  0,
  0,  0,  0,  0,  0,  0,  0,  0,  0,  0,  0,  0,
  0,  0,  0,  0,  0,  0,  0,  0,  0,  0,  0,  0,
  0,  0,  0,  0,  0,  0,  0,  0,  0, 44,  0,  0,
  0,  0,  0,  0,  0,  0,  0,  0,  0,  0,  0,  0,
  0,  0,  0,  0,  0,  0,  0,  0,  0,  0,  0,  0,

A
0,0,0,
0,0,0,
0,0,0,
0,0,0,
0,0,0,
0,0,0,
B
  0,  0,  0,  0,  0,  0,  0,  0,  0,  0,  0,  0,
  0,  0,  0,  0,  0,  0,  0,  0,  0,  0,  0,  0,
  0,  0,  0,  0,  0,  0,  0,  0,  0,  0,  0,  0,
  0,  0,  0,  0,  0,  0,  0,  0,  0,  0,  0,  0,
  0,  0,  0,  0,  0,  0,  0,  0,  0,  0,  0,  0,
  0,  0,  0,  0,  0,  0,  0,  0,  0,  0,  0,  0,
  0,  0,  0,  0,  0,  0,  0,  0,  0,  0,  0,  0,
  0,  0,  0,  0,  0,  0,  0,  0,  0,  0,  0,  0,
  0,  0,  0,  0,  0,  0,  0,  0,  0,  0,  0,  0,
  0,  0,  0,  0,  0,  0,  0,  0,  0,  0,  0,  0,
  0,  0,  0,  0,  0,  0,  0,  0,  0,  0,  0,  0,
  0,  0,  0,  0,  0,  0,  0,  0,  0,  0,  0,  0,

A
5,3,3,
5,2,1,
5,0,0,
5,0,0,
0,0,0,
0,0,0,
B
  0,  0,177,  0,183,  0,  0,  0,  0,186,159,167,
177,  0,183,  0,183,  0,201,  0,  0,186,156,157,
  0,151,177,180,  0,  0,  0,  0,  0,189,185,185,
182,  0,153,  0,204,  0,  0,  0,180,  0,  0,192,
  0,154,  0,  0,144,130,130,130,130,130,130,130,
160,  0,181,177,184,131,131,131,131,131,131,131,
161,  0,  0,180,178,  0,  0,  0,  0,  0,  0,  0,
181,  0,184,  0,178,  0,  0,  0,  0,  0,  0,  0,
178,178,178,178,178,  0,  0,  0,  0,  0,  0,  0,
  0,  0,  0,  0,  0,  0,  0,  0,  0,  0,  0,  0,
  0,  0,  0,  0,  0,  0,  0,  0,  0,  0,  0,  0,
  0,  0,  0,  0,  0,  0,  0,  0,  0,  0,  0,  0,
C
  0,  0,  0,  0, 76,  0,  0,  0,  0,  0,  0,  0,
  0,145,  0,  0, 76,  0,  0,  0,  0,  0,  0,  0,
145,  0,  0,  0, 76,  0,  0,  0,  0,  0,  0,  0,
  0,145,  0,  0, 76,  0,  0,  0,  0,  0,  0,  0,
144,  0,145,  0, 76,  0,  0,  0,  0,  0,  0,  0,
  0,145,  0,  0, 76,  0,  0,  0,  0,  0,  0,  0,
  0,  0,144,  0, 76,  0,  0,  0,  0,  0,  0,  0,
  0,  0,  0,  0, 76,  0,  0,155,160,  0,  0,  0,
  0,  0,  0,  0, 76,  0,  0,156,161,  0,  0,  0,
 45, 45, 45, 45, 80,  0,  0,  0,  0,  0,  0,  0,
  0,  0,  0,  0,  0,  0,  0,  0,  0,  0,  0,  0,
  0,  0,  0,  0,  0,  0,  0,  0,  0,  0,  0,  0,

A
3,3,3,
3,3,3,
3,3,3,
3,3,3,
3,3,3,
2,1,1,
B
  1,  1,  1, 25,  1,  1, 82,  1,  8,199,186,  0,
  1, 24,  1, 25,  1, 24,  1,  1,  8,  0,186,  0,
  1,  1,  1, 23,  1,  1,  1,  1,  8,  0,186,  0,
  0,  0,  0,186,  0,  0,  0,  0,179,  0,186,  0,
185,185,185,190,185,185,185,185,185,185,190,  0,
  0,  0,  0,  0,  0,181,  0,  0,  0,144,  0,  0,
185,185,185,188,  0,  0,  0,155,160,  0,  0, 66,
  0,  0,  0,186,  0,  0,  0,156,161,  0,  0, 68,
 88, 85,  0,186,  0,149,  0,  0,  0,  0,  0,  0,
 92, 90,  0,186,  0,  0,  0,  0,  0,  0,154,  0,
 92, 90,  0,186,  0,  0,  0,  0,199,  0,155,162,
 45, 45, 45,186,185,185,185,185,185,188,159,167,
C
  0,  0,  0,  0,  0,  0,  0,  0,  0,  0,  0,  0,
  0,  0,  0,  0,  0,  0,  0,  0,  0,  0,  0,  0,
  0,  0,  0,  0,  0,  0,  0,  0,  0,  0,  0,  0,
  0,  0,  0,  0,  0,  0,  0,  0,  0,  0,  0,  0,
 41,  0,  0,  0,  0,  0,  0,  0,  0,  0,  0,  0,
 43,  0,  0,  0,  0,  0,  0,  0,  0,  0,  0,  0,
 70, 71,  0,  0,  0,  0,  0,  0,  0,  0,  0,  0,
 72, 73,  0,  0,  0,  0,  0,  0,  0,  0,  0,  0,
  0,  0,  0,  0,  0,  0,  0,  0,  0,  0,  0,  0,
  0,  0,  0,  0,  0,  0,  0,  0,  0,  0,  0,  0,
  0,  0,  0,  0,  0,  0,  0,  0,  0,  0,  0,  0,
  0,  0,  0, 45, 78,  0,  0,  0,  0,  0,  0,  0,

A
3,1,3,
3,2,2,
1,3,1,
3,3,2,
3,3,3,
1,1,3,
B
 44,  0,  0,  0,  0,  0,  0,  0,  0,  0,  0,  0,
185,185,185,185,185,185,185,185,185,185,185,185,
  0,  0,  0,192,  0,  0,  0,  0,  0,  0,  0,  0,
 45, 45, 45, 45, 45, 45, 45,  0,  0,  0,  0,  0,
204,  0,  0,  0,  0,  0,  0,  0,  0,204,  0,  0,
  0,  0,  0,  0,  0,  0,  0,  0,  0,  0,  0,  0,
  2,  2,  2,  2,  2,  2,  2, 14, 15,  0,  0,  0,
  1, 24,  1,  1,  1, 24,  1, 16,  5,  0,  0,  0,
  1, 24,  1, 34,  1, 24,  1, 16,185,185,188,  0,
  1, 24,  1,  1,  1, 24,  1, 16,  5,  0,186,  0,
  0,  0,  0,  0,  0,  0,  0,  0,  5,  0,186,  0,
  2,  2,  2,  2,  2,  2,  2,  0,  7,  0,186,  0,
C
  0,  0,  0,  0,  0,  0,  0,  0,  0,  0,  0,  0,
  0,  0,  0,  0,  0,  0,  0,  0,  0,  0,  0,  0,
  0,  0,  0,  0,  0,  0,  0,  0,  0,  0,  0,  0,
  0,  0,  0,  0,  0,  0,  0,  0,  0,  0,  0,  0,
  0,  0,  0,  0,  0,  0,  0,  0,  0,  0,  0,  0,
  0,  0,  0,  0,  0,  0,  0,  0,  0,  0,  0,  0,
  0,  0,  0,  0,  0,  0,  0,  0,  0,  0,  0,  0,
  0,  0,  0,  0,  0,  0,  0,  0,  0,  0,  0,  0,
  0,  0,  0,  0,  0,  0,  0,  0,  5,  0,  0,  0,
  0,  0,  0,  0,  0,  0,  0,  0,  0,  0,  0,  0,
  0,  0,  0,  0,  0,  0,  0,  4,  0,  0,  0,  0,
  0,  0,  0,  0,  0,  0,  0,  6,  0,  0,  0,  0,

A
3,3,3,
3,3,3,
3,3,3,
3,3,3,
3,3,3,
3,3,3,
B
165,165,165,165,165,138,139,165,165,165,165,165,
166,166,166,166,166,166,166,166,166,166,166,166,
130,130,130,130,130,130,130,130,130,130,130,130,
  0,  0, 18, 36, 36, 36, 36, 36, 15,  0,  0,192,
  0,  0,  9, 59, 59, 59, 59, 59,185,185,188,  0,
205,  0, 11, 37, 37, 37, 37, 37,  7,  0,186,  0,
  0,  0, 13, 82,  1, 34,  1, 82,  8,  0,186,  0,
  0,  0, 13,  1,  1, 23,  1,  1,  8,  0,186,  0,
  0,  0,  0,  0,  0,186,204,  0,  0,  0,189,186,
  0,  0,  0,  0,  0,186,  0,  0,  0,  0,  0,201,
185,185,185,185,185,190,  0,  0,  0,  0,  0,  0,
  0,  0,  0,144,  0,  0,  0,  0,  0,  0,  0,  0,
C
  0,  0,  0,  0,  0,  0,  0,  0,  0,  0,  0,  0,
  0,  0,  0,  0,  0,  0,  0,  0,  0,  0,  0,  0,
  0,  0,  0,  0,  0,  0,  0,  0,  0,  0,  0,  0,
  0,  0,  0,  0,  0,  0,  0,  0,  0,  0,  0,  0,
  0,  0,  0,  0,  0,  0,  0,  0, 17,  0,  0,  0,
  0,  0,  0,  0,  0,  0,  0,  0,  0,  0,  0,  0,
  0,  0,  0,  0,  0,  0,  0,  0,  0,  0,  0,  0,
  0,  0,  0,  0,  0,  0,  0,  0,  0,  0,  0,  0,
  0,  0,  0,  0,  0,  0,  0,  0,  0,  0,  0,  0,
  0,  0,  0,  0,  0,  0,  0,  0,  0,  0,  0,  0,
  0,  0,  0,  0,  0,  0,  0,  0,  0,  0,  0,  0,
  0,  0,  0,  0,  0,  0,  0,  0,  0,  0,  0,  0,

A
5,5,5,
1,1,1,
1,1,1,
1,1,1,
1,1,4,
0,1,3,
B
  0,  0,  0,  0,  0,  0,  0,  0,  0,  0,  0,  0,
169,169,169,169,169,  0,  0,  0,  0,  0,  0,  0,
177,177,177,177,177,  0,  0,  0,  0,  0,  0,  0,
  0,  0,  0,  0,  0,  0,  0,  0,  0,  0,  0,  0,
  0,  0,  0,  0,  0,  0,  0,  0,  0,  0,  0,  0,
  0,  0,  0,  0,  0,  0,  0,  0,  0,  0,  0,  0,
  0,  0,  0,  0,  0,  0,  0,  0,  0,  0,  0,  0,
  0,  0,  0,  0,  0,  0,  0,  0,  0,  0,  0,  0,
  0,  0,  0,  0,  0,  0,  0,  0,  1,  1,  1,  1,
  0,  0,  0,  0,  0,  0,  0,  0,  0,  0,  1,  1,
  0,  0,  0,  0,  0,  0,  0,  0,  0,  0,  1,  1,
  0,  0,  0,  0,  0,  0,  0,  0,  0,  0,  0,  0,
C
  0,  0,  0,  0,  0,  0,  0,  0,  0,  0,  0,  0,
113,113,113,113,113,169,169,170,170,169,170,169,
  0,  0,  0,  0,  0,191,  0,  0,  0,  0,150,  0,
  0,180,  0,  0,  0,  0,204,  0,  0,  0,  0,  0,
  0,  0,  0,191,  0,  0,  0,  0,  0,  0,  0,180,
131,131,131,131,131,131,131,131,131,131,131,131,
165,165,165,165,165,165,165,165,165,165,165,165,
166,166,166,166,166,140,141,166, 31, 31, 31, 31,
130,130,130,130,136,163,164,137, 32, 32, 32, 32,
 74,  0,191, 74,132,163,164,133, 13,  1,118,  0,
148,204,192,148,132,163,164,133, 13,  1, 21,  0,
131,131,131,131,134,163,164,135,131,131,131,131,

A
5,5,5,
5,5,5,
5,5,5,
5,5,5,
5,5,5,
5,5,5,
B
  0,  0,  0,  0,  0,  0,  0,  0,  0,  0,  0,  0,
  0,  0,  0,  0,  0,  0,  0,  0,  0,  0,  0,  0,
  0,  0,  0,  0,  0,  0,  0,  0,  0,  0,  0,  0,
  0,  0,  0,  0,  0,  0,  0,  0,  0,  0,  0,  0,
  0,  0,  0,  0,  0,  0,  0,  0,  0,  0,  0,  0,
  0,  0,  0,  0,  0,  0,  0,  0,  0,  0,  0,  0,
  0,  0,  0,  0,  0,  0,  0,  0,  0,  0,  0,  0,
  0,  0,  0,  0,  0,  0,  0,  0,  0,  0,  0,  0,
  0,  0,  0,  0,  0,  0,  0,  0,  0,  0,  0,  0,
  0,  0,  0,  0,  0,  0,  0,  0,  0,  0,  0,  0,
  0,  0,  0,  0,  0,  0,  0,  0,  0,  0,  0,  0,
  0,  0,  0,  0,  0,  0,  0,  0,  0,  0,  0,  0,

A
5,5,5,
5,5,5,
5,5,5,
5,5,5,
5,5,5,
5,5,5,
B
  0,  0,  0,199,  0,154,  0,  0,  0,  0,  0,  0,
  0,  0,  0,  0,  0,  0,  0,  0,  0,154,  0,  0,
  0,  0,  0,  0,  0,  0,  0,  0,  0,  0,  0,  0,
  0,154,  0,  0,  0,  0,201,  0,  0,  0,154,  0,
177,177,177,177,177,177,177,177,178,  0,  0,  0,
162,162,162,162,162,162,162,160,178,  0,  0,182,
167,167,167,167,167,167,167,158,178,  0,  0,  0,
167,167,167,167,167,167,167,158,178,  0,  0,  0,
157,157,157,157,157,157,157,161,178,154,  0,  0,
177,177,177,177,177,177,177,177,178,  0,  0,  0,
  0,  0,  0,  0,  0,  0,  0,  0,  0,  0,  0,  0,
  0,  0,  0,  0,  0,  0,  0,  0,  0,  0,  0,  0,

A
1,1,1,
1,1,1,
1,1,1,
1,1,1,
1,1,1,
5,5,5,
B
178,199,  0,  0,184,  0,  0,  0,182,  0,  0,178,
178,  0,  0,  0,  0,  0,  0,  0,  0,  0,  0,178,
178,  0,  0,  0,  0,  0,  0,  0,  0,  0,  0,178,
  1,  1,  1,  1, 16,185,185,185,185,  0,  0,  0,
  1,  1,  1,  1, 16,  0,  0,199,  0,  0,  0,  0,
177,177,177,177,177,  0,  0,  0,  0,177,177,177,
  2,  2,  2,  2,  6,  0,  0,184,  0,  0,  0,  0,
  1, 24,  1, 24,  1,  8,  0,  0, 13, 24,  1, 24,
  1,  1,  1,  1,  1,  8,204,  0, 13,  1,  1,  1,
185,185,185,185,185,185,185,185,185,185,185,185,
131,131,131,131,131,131,131,131,131,131,131,131,
154,  0,  0,  0,  0,  0,  0,  0,  0,  0,  0,  0,
C
  0,  0,  0,  0,  0,  0,  0,  0,  0,  0,  0,  0,
  0,  0,  0,  0,  0,  0,  0,  0,  0,  0,  0,  0,
  2,  2,  2,  2, 14, 15,  0,  0, 18, 19,  2,  2,
 34,  0,  0,  0,  0,  5,  0,  0,  9, 20,  1,  1,
  0,  0,  0,  0,  0,  5,  0,  0,  9, 20,  1,  1,
  0,  0,  0,  0,  9,  5,  0,  0,  9, 10,  0,  0,
  0,  0,  0,  0,  0,  5,  0,  0,  9, 12,  2,  2,
  0,  0,  0,  0,  0,  0,  0,  0,  0,  0,  0,  0,
  0,  0,  0,  0,  0,  0,  0,  0,  0,  0,  0,  0,
  0,  0,  0,  0,  0,  0,  0,  0,  0,  0,  0,  0,
  0,  0,  0,  0,  0,  0,  0,  0,  0,  0,  0,  0,
  0,  0,  0,  0,  0,  0,  0,  0,  0,  0,  0,  0,

A
1,1,1,
1,1,1,
1,1,1,
1,1,1,
1,1,1,
1,1,1,
B
178,  0,  0,  0,  0,  0,  0,  0,  0,  0,  0,178,
177,177,177,177,  0,207,  0,  0,  0,  0,  0,178,
178,177,177,177,  0,  0,184,  0,182,  0,  0,178,
178,  0,  0,  0,  0,  0,  0,  0,  0,  0,  0,178,
178,  0,  0,  0,  0,  0,  0,  0,177,177,177,177,
178,  0,  0,  0,  0,  0,  0,  0,177,177,177,178,
177,177,177,177,  0,  0,  0,  0,  0,  0,154,178,
178,177,177,177,  0,  0,205,  0,  0,  0,  0,178,
178,  0,199,  0,  0,  0,  0,  0,  0,  0,  0,178,
178,  0,  0,  0,  0,  0,  0,  0,177,177,177,177,
178,  0, 40, 41,  0,  0,  0,  0,177,177,177,177,
178,  0, 42, 43,  0,  0,  0,  0,  0,  0,  0,178,
C
  0,  0,  0,  0,  0,  0,  0,  0,  0,  0,  0,  0,
 39, 39, 39, 39,  0,  0,  0,  0,  0,  0,  0,  0,
  0,  0,  0,  0,  0,  0,  0,  0,  0,  0, 40, 41,
  0,  0,  0,  0,  0,  0,  0,  0,  0,  0, 42, 43,
  0,  0,  0,  0,  0,  0,  0,  0, 39, 39, 39, 39,
  0,  0,  0,  0,  0,  0,  0,  0,  0,  0,  0,  0,
 39, 39, 39, 39,  0,  0,  0,  0,  0,  0,  0,  0,
  0,  0,  0,  0,  0,  0,  0,  0,  0,  0,  0,  0,
  0,  0,  0,  0,  0,  0,  0,  0,  0,  0,  0,  0,
  0,  0,  0,  0,  0,  0,  0,  0, 39, 39, 39, 39,
  0,  0,  0,  0,  0,  0,  0,  0,  0,  0,  0,  0,
  0,  0,  0,  0,  0,  0,  0,  0,  0,  0,  0,  0,

A
1,1,1,
1,1,1,
1,1,1,
1,1,1,
1,1,1,
1,1,1,
B
  0,  0,  0,  0,  0, 75,  0,  0,  0,  0,  0,  0,
  0,  0,  0,  0,  0, 75,183,  0,  0,  0,  0,184,
  0,  0,  0,  0,  0, 79, 45, 45, 45, 45, 45, 45,
 39, 44,181,  0,  0,154,  0,  0,  0,  0,  0,178,
178,  0,  0,  0,  0,  0,  0,180,  0,  0,  0,178,
178,  0,  0,184,  0,  0,  0,  0,  0,  0,  0,178,
178,  0,  0,  0,  0,  0,  0,  0,  0,  0,  0,178,
178,  0,  0,  0,  0,  0,204,  0,  0, 44,  0,178,
178,  0,  0,  0,  0,  0,  0,  0,  0,  0,  0,178,
178,  0,  0, 44,  0,  0,  0,  0,  0,  0,  0,178,
178,  0,184,  0,  0,  0,  0,  0,  0,199,  0,178,
178,  0,  0,  0,  0,  0,  0,  0,184,  0,  0,178,

A
0,0,0,
1,1,1,
1,1,1,
1,1,1,
1,1,1,
1,1,1,
B
  0,  0,  0,  0,  0,  0,  0,  0,  0,  0,  0,  0,
168,169,169,169,169,170,169,169,169,169,170,169,
162,162,162,162,162,162,162,162,162,162,162,162,
157,157,157,157,157,157,157,157,157,157,157,157,
184,  0,  0,  0,  0,  0,  0, 44,  0,  0, 64, 65,
  0,  0,  0,180,  0,  0,  0,  0,  0,206,  0,  0,
  0,  0,  0,  0,  0,  0,  0,  0,  0,  0,  0,  0,
  0,  0,  0,  0,  0, 77, 45, 45, 45, 45, 45, 45,
  0,  0,  0,  0,  0, 75,154,  0,  0,  0,  0,  0,
  0,  0,  0,  0,  0, 75,184,  0,  0,  0,  0,  0,
  0,  0,  0,  0,  0, 75,  0,  0,  0,  0,  0,  0,
  0,  0,  0,207,  0, 75,  0,  0,  0,  0,182,  0,
C
  0,  0,  0,  0,  0,  0,  0,  0,  0,  0,  0,  0,
  0,  0,  0,  0,  0,  0,  0,  0,  0,  0,  0,  0,
  0,  0,  0,  0,  0,  0,  0,  0,  0,  0,  0,  0,
  0,  0,  0,  0,  0,  0,  0,  0,  0,  0, 62, 63,
  0,  0,  0,  0,  0,  0,  0,  0,  0,  0,  0,  0,
  0,  0,  0,  0,  0,  0,  0,  0,  0,  0,  0,  0,
  0,  0,  0,  0,  0,  0,  0,  0,  0,  0,  0,  0,
  0,  0,  0,  0,  0,  0,  0,  0,  0,  0,  0,  0,
  0,  0,  0,  0,  0,  0,  0,  0,  0,  0,  0,  0,
  0,  0,  0,  0,  0,  0,  0,  0,  0,  0,  0,  0,
  0,  0,  0,  0,  0,  0,  0,  0,  0,  0,  0,  0,
  0,  0,  0,  0,  0,  0,  0,  0,  0,  0,  0,  0,

A
0,0,0,
0,0,0,
0,0,0,
0,0,0,
0,0,0,
0,0,0,
B
  0,  0,  0,  0,  0,  0,  0,  0,  0,  0,  0,  0,
  0,  0,  0,  0,  0,  0,  0,  0,  0,  0,  0,  0,
  0,  0,  0,  0,  0,  0,  0,  0,  0,  0,  0,  0,
  0,  0,  0,  0,  0,  0,  0,  0,  0,  0,  0,  0,
  0,  0,  0,  0,  0,  0,  0,  0,  0,  0,  0,  0,
  0,  0,  0,  0,  0,  0,  0,  0,  0,  0,  0,  0,
  0,  0,  0,  0,  0,  0,  0,  0,  0,  0,  0,  0,
  0,  0,  0,  0,  0,  0,  0,  0,  0,  0,  0,  0,
  0,  0,  0,  0,  0,  0,  0,  0,  0,  0,  0,  0,
  0,  0,  0,  0,  0,  0,  0,  0,  0,  0,  0,  0,
  0,  0,  0,  0,  0,  0,  0,  0,  0,  0,  0,  0,
  0,  0,  0,  0,  0,  0,  0,  0,  0,  0,  0,  0,

A
3,3,3,
1,1,1,
2,2,2,
0,0,0,
0,0,0,
0,0,0,
B
195,195,195,195,195,  0,  0,  0,186,  0,  0,183,
  0,  0,  0,  0,  0,187,185,185,190,155,162,162,
185,185,185,185,185,190,180,  0,193,159,167,167,
201,  0,  0,143,  0,  0,  0,  0,  0,159,167,167,
113,113,113,  0,  0,  0,  0,  0,192,156,157,157,
177,177,177,  0,  0,  0,  0,  0,  0,  0,  0,112,
174,175,176,175,174,175,175,175,175,174,175,174,
  0,171,173,173,  0,  0,183,  0,172,  0,  0,173,
173,  0,  0,  0,  0,  0,  0,  0,  0,207,  0,  0,
  0,  0,  0,183,  0,  0,  0,  0,  0,  0,  0,183,
  0,  0,  0,  0,  0,  0,  0,  0,  0,  0,  0,  0,
  0,  0,  0,  0,  0,  0,  0,  0,  0,  0,  0,  0,
C
111,111,  0,  0,  0,  0,  0,  0,  0,  0,  0,  0,
  0,  0,  0,  0,  0,  0,  0,  0,  0,  0,  0,  0,
  0,  0,  0,  0,  0,  0,  0,  0,  0,  0,  0,  0,
  0,  0,  0,  0,  0,  0,  0,  0,  0,  0,  0,  0,
  0,  0,  0,  0,  0,  0,  0,  0,  0,  0,  0,  0,
  0,  0,  0,  0,  0,  0,  0,  0,  0,  0,  0,  0,
  0,  0,  0,  0,  0,  0,  0,  0,  0,  0,  0,  0,
  0,  0,  0,  0,  0,  0,  0,  0,  0,  0,  0,  0,
  0,  0,  0,  0,  0,  0,  0,  0,  0,  0,  0,  0,
  0,  0,  0,  0,  0,  0,  0,  0,  0,  0,  0,  0,
  0,  0,  0,  0,  0,  0,  0,  0,  0,  0,  0,  0,
  0,  0,  0,  0,  0,  0,  0,  0,  0,  0,  0,  0,

A
3,3,3,
3,3,3,
3,3,3,
3,3,3,
3,3,3,
3,3,3,
B
 72, 73, 74,192,  0, 74,  0,  0,186,193,  0,  0,
  0,199,148, 70, 71,148,  0,  0,186,  0,  0,183,
  0,  0,  0, 72, 73,199,192,  0,186,  0,  0,  0,
 83, 93, 94,  0,  0,  0,  0,  0,186,  0,  0,  0,
109,  0,  0,  0,  0,201,  0,  0,186,  0,  0,  0,
110,183,  0,  0,  0,  0,  0,  0,186,  0,  0,  0,
111,  0,  0,  0,  0,  0,  0,181,186,180,  0,184,
194,194,194,194,194,194,194,  0,186,  0,193,  0,
194,194,194,194,194,194,194,  0,186,  0,  0,179,
194,194,194,194,194,194,194,  0,186,  0,  0,  0,
194,194,194,194,194,195,195,  0,186,  0,204,  0,
194,194,194,194,194,201,  0,  0,186,  0,  0,  0,
C
  0,  0,  0,  0,  0,  0,  0,  0,  0,  0,  0,  0,
  0,  0,  0,  0,  0,  0,  0,  0,  0,  0,  0,  0,
  0,  0,  0,  0,  0,  0,  0,  0,  0,  0,  0,  0,
  0,  0,  0,  0,  0,  0,  0,  0,  0,  0,  0,  0,
  0,  0,  0,  0,  0,  0,  0,  0,  0,  0,  0,  0,
  0,  0,  0,  0,  0,  0,  0,  0,  0,  0,  0,  0,
  0,  0,  0,  0,  0,  0,  0,  0,  0,  0,  0,  0,
109,109,  0,  0,  0,  0,  0,  0,  0,  0,  0,  0,
110,110,  0,  0,  0,  0,  0,  0,  0,  0,  0,  0,
110,110,  0,  0,  0,  0,  0,  0,  0,  0,  0,  0,
110,110,  0,  0,  0,  0,  0,  0,  0,  0,  0,  0,
110,110,  0,  0,  0,  0,  0,  0,  0,  0,  0,  0,

A
0,0,0,
0,0,0,
3,3,3,
3,3,3,
3,3,3,
3,3,3,
B
  0,  0,  0,191,  0,  0,  0,  0,  0,  0,  0,171,
172,  0,  0,  0,  0,  0,  0,  0,183,  0,  0,  0,
  0,171,  0,  0,  0,  0,  0,  0,  0,  0,  0,143,
 45, 45, 45, 45, 45,  0,186,  0, 45, 45, 45, 45,
  0,  0,179,  0,  0,201,189,185,188,192,  0,  0,
184,  0,  0,  0,  0,  0,  0,192,186,180,  0,  0,
179,  0,  0,  0,  0,  0,  0,  0,186,  0,  0,  0,
  0,  0,180,  0,  0,  0,  0,  0,186,  0,  0,181,
  0,  0,  0,  0,  0,184,  0,  0,186,  0,  0,  0,
 70, 71,  0,  0,  0,  0,  0,  0,186,  0,  0,  0,
 72, 73,  0,  0,  0, 70, 71,  0,186,  0,182,  0,
 70, 71,  0,  0,  0, 72, 73,  0,186,  0,  0,  0,

A
3,3,3,
3,3,3,
3,3,3,
3,3,3,
0,0,0,
0,0,0,
B
  0,  0,199,  0,  0,  0,183,  0,  0,  0,180, 48,
 44,  0,  0,  0,  0,  0,  0,  0,  0,  0,  0,184,
  0, 44,  0,  0,  0,  0,  0,201,  0,  0,  0,  0,
 44, 44, 44,  0,  0,  0,  0,  0,  0,  0,  0,  0,
  0,  0,  0,  0,  0,  0,  0,  0,  0, 48, 48, 48,
  0,192,  0,  0,  0,  0,  0,  0,  0,  0,  0,  0,
  0,  0,  0,  0,  0,182,  0,  0,  0,  0,199,  0,
 45, 45, 45, 45, 45,131,131,131, 45, 45, 45, 45,
  0,192,  0,  0,  0,  0,  0,  0,  0,  0,  0,  0,
  0,  0,  0,  0,173,  0,  0,  0,  0,  0,182,  0,
  0,  0, 46,  0,  0,  0,  0,  0,  0, 47,  0,  0,
  0,  0,  0,  0,  0,  0,201,  0,  0,  0,  0,  0,

A
3,3,3,
3,3,1,
3,3,3,
3,3,3,
3,3,3,
3,3,3,
B
  1,  1,  1,  1,  1,  1,  1,  1,  1,  1,  1,  1,
189,189,189,189,189,189,189,189,189,189,189,189,
177,177,177,177,177,177,177,177,177,177,177,177,
  0,  0,  0,  0,  0,  0,  0,  0,  0,  0,  0,  0,
  0,  0,  0,  0,  0,  0,  0,  0,  0,143,  0,180,
  0,  0,182,  0,  0,  0,  0,  0,  0,  0,  0,  0,
  0,  0,  0,  0,  0,201,  0,  0,  0,  0,  0,  0,
 38, 38, 38, 38,  0,  0,  0,  0,  0,  0,  0,  0,
 44,185,185,185,185,185,185,185,185,185,185,185,
 44,  0,  0,  0,  0,  0,  0,  0,  0,  0,191,  0,
 38, 38, 38, 38, 44,  0,  0,  0,  0,  0,  0,  0,
185,185,185,185,185,185,185,185,185,185,185,185,
C
  0,  0,  0,  0,  0,  0,  0,  0,  0,  0,  0,  0,
113,113,113,113,113,113,113,113,113,113,113,113,
  0,  0,  0,  0,  0,  0,  0,  0,  0,  0,  0,  0,
  0,  0,  0,  0,  0,  0,  0,  0,  0,  0,  0,  0,
  0,  0,  0,  0,  0,  0,  0,  0,  0,  0,  0,  0,
  0,  0,  0,  0,  0,  0,  0,  0,  0,  0,  0,  0,
  0,  0,  0,  0,  0,  0,  0,  0,  0,  0,  0,  0,
  0,  0,  0,  0,  0,  0,  0,  0,  0,  0,  0,  0,
  0,  0,  0,  0,  0,  0,  0,  0,  0,  0,  0,  0,
  0,  0,  0,  0,  0,  0,  0,  0,  0,  0,  0,  0,
  0,  0,  0,  0,  0,  0,  0,  0,  0,  0,  0,  0,
  0,  0,  0,  0,  0,  0,  0,  0,  0,  0,  0,  0,

A
4,4,4,
4,4,4,
4,4,4,
4,4,4,
0,0,0,
4,4,4,
B
  0,  0,  0,  0,  0,  0,  0,  0,  0,  0,  0,  0,
  0,  0,  0,  0,  0,  0,  0,  0,  0,  0,  0,  0,
  0,  0,  0,  0,  0,  0,  0,  0,  0,  0,  0,  0,
  0,  0,  0,  0,  0,  0,  0,  0,  0,  0,  0,  0,
  0,  0,  0,  0,  0,  0,  0,  0,  0,  0,  0,  0,
  0,  0,  0,  0,  0,  0,  0,  0,  0,  0,  0,  0,
  0,  0,  0,  0,  0,  0,  0,  0,  0,  0,  0,  0,
 31, 31, 31, 31, 31, 31, 31, 31, 31, 31, 31, 31,
 35, 31, 31, 31, 31, 35, 31, 31, 31, 31, 35, 31,
 32, 32, 32, 32, 32, 32, 32, 32, 32, 32, 32, 32,
  1,  1,  1,  1,  1,  1,  1,  1,  1,  1,  1,  1,
 24,  1, 34,  1, 24,  1, 25,  1, 24,  1, 25,  1,

