A
1,1,1,
1,1,1,
1,1,1,
1,1,1,
1,1,1,
1,1,1,
B
  0,  0,  0,  0,  0,  0,  0,  0,  0,  0,  0,  0,
  0,  0,  0,  0,  0,  0,  0,  0,  0,  0,  0,  0,
  0,  0,  0,  0,  0,  0,  0,  0,  0,  0,  0,  0,
  0,  0,  0,  0,  0,  0,  0,  0,  0,  0,  0,  0,
  0,  0,  0,  0,  0,  0,  0,  0,  0,  0,  0,  0,
  0,  0,  0,  0,  0,  0,  0,  0,  0,  0,  0,  0,
  0,  0,  0,  0,  0,  0,  0,  0,  0,  0,  0,  0,
  0,  0,  0,  0,  0,  0,  0,  0,  0,  0,  0,  0,
  0,  0,  0,  0,  0,  0,  0,  0,  0,  0,  0,  0,
  0,  0,  0,  0,  0,  0,  0,  0,  0,  0,  0,  0,
  0,  0,  0,  0,  0,  0,  0,  0,  0,  0,  0,  0,
  0,  0,  0,  0,  0,  0,  0,  0,  0,  0,  0,  0,
A
3,1,1,
3,1,1,
3,1,1,
1,1,1,
1,1,1,
1,1,1,
B
178,178,178,178,182,  0,  0,  0,  0,  0,  0,206,
178,178,178,178,182,  0, 50, 50, 50, 50, 50,206,
  0,136,  0,  0,182,  0, 50, 50, 50, 50, 50,206,
  0,  0,  0,  0,182,140, 69,148,149,150, 70,206,
139,174,  0,192,182,  0, 69,151,152,153, 70,206,
127,127,127,172,182,  0,  0,187,  0,187,111,111,
179,179,179,179,171,  0,  0,  0,  0,  0,  0,  0,
187,  0,  0,  0,  0,  0,  0,  0,  0,  0,140,  0,
  0,  0,  0,  0,140,  0,  0,  0,  0,  0,  0,  0,
 95, 95,  0,  0,  0,  0,187,  0,  0,  0, 95, 95,
  0,  0,  0,  0,  0,  0,  0,  0,  0,  0,  0,  0,
  0,  0,  0,  0,  0,  0,  0,  0,  0,  0,  0,  0,
C
  0,  0,  0,  0,  0,  0,  0,  0,  0,  0,  0,108,
  0,  0,  0,  0,  0,  0,  0,  0,  0,105,  0,108,
  0,  0,  0,  0,  0,  0,  0,  0,  0,  0,  0,110,
  0,  0,  0,  0,  0,  0,  0, 88, 89, 90,  0, 84,
  0,  0,  0,  0,  0,  0,  0, 48,114, 49,  0, 85,
  0,  0,  0,  0,  0,  0,  0,  0,  0,  0,  0,  0,
  0,  0,  0,  0,  0,  0,  0,  0,  0,  0,  0,  0,
  0,  0,  0,  0,  0,  0,  0,  0,  0,  0,  0,  0,
  0,  0,  0,  0,  0,  0,  0,  0,  0,  0,  0,  0,
  0,  0,  0,  0,  0,  0,  0,  0,  0,  0,  0,  0,
  0,  0,  0,  0,  0,  0,  0,  0,  0,  0,  0,  0,
  0,  0,  0,  0,  0,  0,  0,  0,  0,  0,  0,  0,
A
3,3,3,
3,3,3,
3,3,3,
3,1,1,
3,1,1,
3,1,1,
B
180,180,180,180,180,180,180,183, 16, 17,  0,  0,
  0,172,  0,  0,  0,136,136,  0,  0,  0,  0,  0,
  0,  0,  0,  0,  0,  0,  0,  0,  0,  0,  0,  0,
  0,174,  0,  0,  0,  0,  0,  0,  0,139,  0,174,
  0,  0,  0,  0,137,  0,  0,  0,  0,  0,  0,  0,
  0,  0,  0,  0,  0,  0,  0,136,  0,  0,172,  0,
136,  0,  0,172,186,179,179,179,179,179,179,179,
  0,  0,  0,  0,182,140, 96, 97,  0,  0,  0, 96,
  0,174,  0,  0,182,  0, 98, 99,140,  0, 86, 98,
  0,  0,  0,  0,182,  0,  0,  0,  0,140, 87,206,
  0,  0,136,  0,182,  0,187,141,  0,  0,  0,206,
178,178,178,178,182,  0,  0,  0,  0,  0,  0,206,
C
  0,  0,  0,  0,  0,  0,  0,  0,  0,  0,  0,  0,
  0,  0,  0,  0,  0,  0,  0,  0,  0,  0,  0,  0,
  0,  0,  0,  0,  0,  0,  0,  0,  0,  0,  0,  0,
  0,  0,  0,  0,  0,  0,  0,  0,  0,  0,  0,  0,
  0,  0,  0,  0,  0,  0,  0,  0,  0,  0,  0,  0,
  0,  0,  0,  0,  0,  0,  0,  0,  0,  0,  0,  0,
  0,  0,  0,  0,  0,  0,  0,  0,  0,  0,  0,  0,
  0,  0,  0,  0,  0,  0,  0,  0,  0,  0,  0,  0,
  0,  0,  0,  0,  0,  0,  0,  0,  0,  0,  0,  0,
  0,  0,  0,  0,  0,  0,  0,  0,  0,  0,  0,108,
  0,  0,  0,  0,  0,  0,  0,  0,  0,  0,  0,108,
  0,  0,  0,  0,  0,  0,  0,  0,  0,  0,  0,108,
A
2,2,3,
2,2,3,
2,2,3,
2,2,3,
2,2,3,
2,2,3,
B
197,  0,  0,  0,  0,  0,  0,186,179,179,179,179,
  0,  0,  0,190,  0,190,  0,182,172,  0,  0,208,
208,  0,  0,  0,  0,  0,  0,182,125,  0,192,174,
  0,193,  0,  0,  0,139,  0,182,125,136,  0,  0,
  0,  0,  0,189,  0,  0,  0,182, 92,  1,  0,  0,
190,  0,  0,  0,  0,189,  0,182,  2,  3,  0,  0,
  0,189,  0,136,  0,  0,  0,182,  4,  5,  0,  0,
  0,  0,  0,  0,  0,190,  0,182,  6,  7,  0,174,
  0,  0,  0,197,  0,  0,193,182,  8,  9,  0,  0,
  0,193,  0,  0,194,  0,  0,182, 10, 11,  0,136,
190,  0,  0,  0,  0,  0,139,182, 12, 13,  0,  0,
  0,  0,  0,189,  0,  0,190,182, 14, 15,  0,  0,
A
2,2,2,
2,2,2,
2,2,2,
2,2,2,
2,2,2,
2,2,2,
B
  0,  0,  0,  0,  0,  0,  0,  0,  0,  0,197,  0,
193,  0,  0,  0,  0,  0,  0,  0,  0,  0,  0,  0,
  0,  0,  0,  0,208,  0,  0,  0,  0,  0,  0,192,
  0,  0,  0,197,  0,  0,  0,  0,  0,  0,  0,  0,
  0,  0,191,  0,  0,  0,193,  0,  0,  0,190,  0,
  0,  0,  0,193,  0,  0,  0,  0,194,  0,  0,  0,
197,  0,  0,  0,  0,  0,  0,  0,  0,  0,  0,  0,
  0,  0,  0,  0,  0,  0,  0,  0,  0,  0,  0,  0,
  0,195,  0,  0,  0,  0,209,  0,  0,  0,  0,193,
  0,  0,  0,  0,192,  0,  0,  0, 96, 97, 96, 97,
  0,  0,  0,  0,  0,  0,  0, 52, 98, 99, 98, 99,
 91, 91, 91, 91, 91,  0,208, 91, 91, 91, 91, 91,
A
4,4,4,
2,2,2,
2,2,2,
2,2,2,
2,2,2,
2,2,2,
B
  0,  0,  0,  0,  0,  0,  0,  0,  0,  0,  0,  0,
203,203,203,203,203,203,203,203,203,203,203,203,
107,107,107,  0,192,  0,  0,  0,  0,  0,  0,  0,
201,201,201,  0,  0,  0,107,107,107,107,  0,198,
  0,  0,  0,  0,  0,  0,201,201,201,201,208,  0,
  0,  0,  0,  0,  0,193,  0,  0,  0,  0,  0,  0,
192,  0,208,  0,  0,  0,  0,191,  0,  0,  0,  0,
  0,  0,  0,  0,  0,  0,  0,  0,  0,  0,  0,198,
  0,  0,  0,  0,  0,  0,193,  0,  0,190,  0,  0,
  0,  0,  0,197,  0,  0,  0,  0,  0,  0,  0,  0,
  0,  0,  0,  0,  0,189,  0,  0,  0,  0,  0,  0,
  0,  0,  0,  0,  0,  0,  0,  0,  0,  0,  0,  0,

A
4,4,4,
4,4,4,
4,4,4,
4,4,4,
4,4,4,
4,4,4,
B
  0,  0,  0,  0,  0,  0,  0,  0,  0,  0,  0,  0,
  0,  0,  0,  0,  0,  0,  0,  0,  0,  0,  0,  0,
  0,  0,  0,  0,  0,  0,  0,  0,  0,  0,  0,  0,
  0,  0,  0,  0,  0,  0,  0,  0,  0,  0,  0,  0,
  0,  0,  0,  0,  0,  0,  0,  0,  0,  0,  0,  0,
  0,  0,  0,  0,  0,  0,  0,  0,  0,  0,  0,  0,
  0,  0,  0,  0,  0,  0,  0,  0,  0,  0,  0,  0,
  0,  0,  0,  0,  0,  0,  0,  0,  0,  0,  0,  0,
  0,  0,  0,  0,  0,  0,  0,  0,  0,  0,  0,  0,
  0,  0,  0,  0,  0,  0,  0,  0,  0,  0,  0,  0,
  0,  0,  0,  0,  0,  0,  0,  0,  0,  0,  0,  0,
  0,  0,  0,  0,  0,  0,  0,  0,  0,  0,  0,  0,
A
3,3,3,
3,3,3,
3,3,3,
3,3,3,
4,4,4,
4,4,4,
B
  0,  0,  0,  0,137,  0,  0,130,  0,  0,  0,130,
 24, 25, 26,113, 24, 25, 26,130,  0,  0,  0,130,
 18, 27, 20,  0, 18, 19, 20,130,  0,  0,  0,130,
 18, 19, 20,  0, 18, 19, 20,130,  0,174,  0,130,
 18, 19, 20,  0, 18, 27, 20,130,  0,  0,  0,130,
 18, 27, 20,  0, 18, 19, 20,130,  0,  0,137,130,
 28, 29, 30,  0, 28, 29, 30,130,  0,  0,  0,130,
 21, 22, 23,  0, 21, 22, 23,130,172,136,136,130,
179,179,179,179,179,179,179,179,179,179,179,179,
  0,  0,187,  0,  0,  0,  0,  0,  0,  0,187,  0,
  0,  0,  0,  0,  0,  0,  0,  0,  0,  0,  0,  0,
  0,  0,  0,  0,  0,  0,  0,  0,  0,  0,  0,  0,
C
  0,  0,  0,  0,  0,  0,  0,  0,  0,  0,  0,  0,
  0,  0,  0,  0,  0,  0,  0,  0,  0,  0,  0,  0,
  0,  0,  0,  0,  0,  0,  0,  0,  0,  0,  0,  0,
  0,  0,  0,  0,  0,  0,  0,  0,  0,  0,  0,  0,
  0,  0,  0,  0,  0,  0,  0,  0,  0,  0,  0,  0,
  0,  0,  0,  0,  0,  0,  0,  0,  0,  0,  0,  0,
  0,  0,  0,  0,  0,  0,  0,  0,  0,  0,  0,  0,
  0,  0,  0,  0,  0,  0,  0,  0,  0,  0,  0,  0,
 91, 91, 91, 91, 91, 91, 91,  0,  0,  0,  0, 91,
  0,  0,  0,  0,  0,  0,  0,  0,  0,  0,  0,  0,
  0,  0,  0,  0,  0,  0,  0,  0,  0,  0,  0,  0,
  0,  0,  0,  0,  0,  0,  0,  0,  0,  0,  0,  0,
A
3,3,3,
3,3,3,
3,3,3,
3,3,3,
2,2,2,
3,3,3,
B
130,  0,208,130,  0,  0,130,  0,  0,130,  4,  5,
  0,  0,  0,  0,  0,  0,  0,  0,  0,  0,  0,  0,
137,  0,  0,  0,174,  0,  0,  0,195,  0,  0,174,
  0,  0,  0,  0,  0,  0,  0,  0,  0,  0,  0,  0,
  0,130, 39, 40,130,  0,  0,130,  0,  0,130, 37,
  0,130, 41, 42,130,  0,  0,130,  0,  0,130,  8,
  0,130, 43, 44,130,195,  0,130,136,172,130, 10,
179,179,179,179,179,179,179,179,179,179,179,179,
197,  0,  0,  0,  0,  0,  0,  0,  0,  0,  0,197,
 91, 91, 91, 91,  0,  0,  0,  0,  0,  0, 91, 91,
180,180,180,180,180,180,180,180,180,180,180,180,
  0,136,  0,  0,  0,  0,  0,130,  0,136,172,130,
A
2,2,2,
2,2,2,
2,2,2,
2,2,2,
2,2,2,
3,3,3,
B
  0,139,106,106,106,106,106,  0,141,  0,  0, 87,
  0,  0,201,201,201,201,201,  0,  0,  0,  0,197,
197,  0,  0,  0,  0,  0,  0,  0,  0,  0,190,  0,
 84,  0,  0,193,  0,  0,  0,  0,  0,  0,  0,  0,
 85,  0,  0,  0,  0,  0,  0,  0,  0,  0,  0,  0,
197,  0,  0,  0,  0,  0,  0,  0,139,  0,  0,  0,
  0,  0,  0,  0,141,  0,  0,  0,  0,192,  0,  0,
  0,  0,  0,  0,  0,  0,  0,  0,  0,  0,  0,139,
 91, 91, 91, 91,  0,  0,  0,  0,  0,  0,  0,  0,
180,180,180,180,180,180,180,180,180,180,180,180,
130,136,172,130,136,  0,130,139,  0,130, 92,  1,
130,  0,  0,130,  0,  0,130,  0,  0,130,  2,  3,
A
2,2,2,
2,2,2,
2,2,2,
2,2,2,
2,2,2,
2,2,2,
B
139,  0,  0,  0,  0,208,  0,  0,  0,  0,  0, 87,
  0,  0,  0,  0,  0,  0,  0,193,  0,  0,139,197,
197,191,  0,  0,  0,139,  0,  0,  0,  0,141,139,
106,106,106,106,106,  0,  0,  0,106,106,106,106,
201,201,201,201,201,  0,  0,  0,201,201,201,201,
  0,  0,  0,  0,190,  0,  0,  0,  0,  0,141,  0,
  0,  0,  0,  0,  0,  0,  0,  0,  0,139,  0,139,
197,  0,  0,  0,139,  0,  0,106,106,106,106,106,
  0,141,  0,  0,  0,  0,  0,201,201,201,201,201,
141,  0,  0,  0,  0,193,  0,  0,  0,  0,  0,  0,
  0,  0,  0,  0,  0,  0,  0,  0,  0,  0,  0,197,
  0,191,  0,  0,  0,  0,  0,  0,  0,  0,  0, 86,
A
5,5,5,
1,1,1,
1,1,1,
3,3,3,
3,3,3,
2,2,2,
B
  0,  0,  0,  0,  0,  0,  0,  0,  0,  0,  0,  0,
  0,  0,  0,  0,  0,  0,  0,  0,  0,  0,  0,  0,
179,179,179,179,179,179,179,179,179,179,179,179,
  0,  0,  0,  0,  0,  0,  0,  0,  0,  0,  0,  0,
  0,  0,  0,  0,  0,  0,  0,  0,  0,  0,  0,  0,
180,180,180,180,180,180,180,180,180,180,180,180,
  0,  0,  0,  0,  0,  0,  0,  0,  0,  0,  0,  0,
  0,  0,  0,  0,  0,  0,  0,  0,  0,  0,  0,  0,
  0,  0,  0,  0,  0,  0,  0,  0,  0,  0,  0,  0,
179,179,179,179,179,179,179,179,179,179,179,179,
106,106,106,106,106,  0,  0,106,106,106,106,106,
201,201,201,201,201,  0,  0,201,201,201,201, 86,
C
  0,  0,  0,  0,  0,  0,  0,  0,  0,  0,  0,  0,
  0,  0,  0,  0,  0,  0,  0,  0,  0,  0,  0,  0,
 95, 95, 95, 95,  0,  0,  0,  0, 95, 95, 95, 95,
  0,  0,  0,  0,  0,  0,  0,  0,  0,  0,  0,  0,
  0,  0,  0,  0,  0,  0,  0,  0,  0,  0,  0,  0,
 95, 95, 95, 95,  0,  0,  0,  0, 95, 95, 95, 95,
  0,  0,  0,  0,  0,  0,  0,  0,  0,  0,  0,  0,
  0,  0,  0,  0,  0,  0,  0,  0,  0,  0,  0,  0,
  0,  0,  0,  0,  0,  0,  0,  0,  0,  0,  0,  0,
  0,  0,  0,  0,  0,  0,  0,  0,  0,  0,  0,  0,
  0,  0,  0,  0,  0,  0,  0,  0,  0,  0,  0,  0,
  0,  0,  0,  0,  0,  0,  0,  0,  0,  0,  0,  0,
A
5,5,5,
5,5,5,
5,5,5,
5,5,5,
5,5,5,
5,5,5,
B
  0,  0,  0,  0,  0,  0,  0,  0,  0,  0,  0,  0,
  0,  0,  0,  0,  0,  0,  0,  0,  0,  0,  0,  0,
  0,  0,  0,  0,  0,  0,  0,  0,  0,  0,  0,  0,
  0,  0,  0,  0,  0,  0,  0,  0,  0,  0,  0,  0,
  0,  0,  0,  0,  0,  0,  0,  0,  0,  0,  0,  0,
  0,  0,  0,  0,  0,  0,  0,  0,  0,  0,  0,  0,
  0,  0,  0,  0,  0,  0,  0,  0,  0,  0,  0,  0,
  0,  0,  0,  0,  0,  0,  0,  0,  0,  0,  0,  0,
  0,  0,  0,  0,  0,  0,  0,  0,  0,  0,  0,  0,
  0,  0,  0,  0,  0,  0,  0,  0,  0,  0,  0,  0,
  0,  0,  0,  0,  0,  0,  0,  0,  0,  0,  0,  0,
  0,  0,  0,  0,  0,  0,  0,  0,  0,  0,  0,  0,
A
2,2,2,
2,2,2,
2,2,2,
5,5,5,
5,5,5,
5,5,5,
B
202,  0,195,  0,193,  0,  0,  0,  0,201,201,201,
202,  0,  0,  0,  0,  0,197,  0,  0,  0,195,202,
202,  0,  0,139,  0,  0,  0,  0,  0,  0,  0,202,
202,139,  0,  0,  0,106,106,106,197,  0,  0,202,
202,  0,  0,  0,  0,201,201,201,  0,  0,  0,202,
202,  0,  0,209,  0,  0,  0,  0,  0,  0,  0,202,
204,204,204,204,204,204,204,204,204,204,204,204,
193,  0,  0,  0,  0,  0,140,  0,  0,  0,  0,  0,
  0,  0,  0,  0,  0,  0,  0,  0,  0,140,  0,  0,
  0,  0,139,  0,  0,  0,  0,193,  0,  0,  0,139,
  0,  0,  0,  0,  0,  0,  0,  0,  0,  0,  0,  0,
  0,  0,  0,  0,  0,  0,  0,  0,  0,  0,  0,  0,
C
  0,  0,  0,  0,  0,  0,  0,  0,  0,  0,  0,  0,
  0,  0,  0,  0,  0,  0,  0,  0,  0,  0,  0,  0,
  0,  0,  0,  0,  0,  0,  0,  0,  0,  0,  0,  0,
  0,  0,  0,  0,  0,  0,  0,  0,  0,  0,  0,  0,
  0,  0,  0,  0,  0,  0,  0,  0,  0,  0,  0,  0,
  0,  0,  0,  0,  0,  0,  0,  0,  0,  0,  0,  0,
  0,  0, 91, 91, 91,  0,  0,  0,  0, 91, 91, 91,
  0,  0,  0,  0,  0,  0,  0,  0,  0,  0,  0,  0,
  0,  0,  0,  0,  0,  0,  0,  0,  0,  0,  0,  0,
  0,  0,  0,  0,  0,  0,  0,  0,  0,  0,  0,  0,
  0,  0,  0,  0,  0,  0,  0,  0,  0,  0,  0,  0,
  0,  0,  0,  0,  0,  0,  0,  0,  0,  0,  0,  0,
A
2,2,2,
2,2,2,
2,2,2,
2,2,2,
2,2,2,
2,2,2,
B
202,  0,  0,  0,  0,  0,  0,  0,  0,  0,  0,202,
202,  0,  0,  0,139,  0,  0,  0,  0,197,  0,202,
202,  0,  0,  0,  0,  0,  0,  0,  0,  0,  0,202,
202,  0,  0,  0,  0,193,  0,194,  0,  0,  0,202,
202,192,195,  0,  0,  0,  0,  0,  0,  0,192,202,
202,  0,  0,  0,  0,197,  0,  0,  0,  0,  0,202,
202,  0,  0,  0,  0,  0,  0,  0,  0,  0,  0,202,
202,  0,193,  0,  0,  0,  0,209,  0,  0,  0,202,
202,  0,  0,  0,  0,193,  0,  0,  0,197,  0,202,
202,  0,  0,  0,  0,  0,  0,  0,139,  0,  0,202,
202,  0,  0,  0,  0,  0,  0,  0,  0,  0,  0,202,
202,192,  0,  0,  0,  0,  0,  0,  0,106,106,106,
A
2,2,2,
2,2,2,
2,2,2,
2,2,2,
2,2,2,
2,2,2,
B
202,  0,  0,  0,209,  0,  0,  0,  0,  0,  0,202,
202,  0,  0,  0,  0,  0,  0,139,  0,  0,  0,202,
202,  0,197,  0,  0,  0,  0,  0,  0,  0,  0,202,
202,  0,  0,  0,139,  0,106,106,106,106,  0,202,
202,  0,193,  0,  0,  0,201,201,201,201,  0,202,
202,141,  0,  0,  0,  0,  0,  0,  0,  0,  0,202,
202,  0,  0,  0,  0,  0,  0,139,  0,  0,  0,202,
202,197,  0,  0,209,  0,  0,  0,  0,197,  0,202,
202,  0,  0,  0,  0,  0,  0,  0,  0,  0,  0,202,
202,  0,193,  0,  0,106,106,106,106,  0,  0,202,
202,  0,  0,  0,  0,201,201,201,201,  0,  0,202,
202,  0,  0,197,  0,  0,141,  0,  0,  0,  0,202,

A
3,3,3,
2,2,2,
2,2,2,
2,2,2,
2,2,2,
2,2,2,
B
  0,  0,  0,  0,  0,  0,139,  0,  0,174,  0,140,
  0,  0,  0,  0,  0,  0,  0,  0,  0,  0,  0,  0,
180,180,180,180,180,180,180,180,180,180,180,180,
201,201,  0,  0,201,201,201,  0,  0,201,201,202,
202,197,  0,  0,193,  0,  0,  0,  0,  0,  0,202,
202,  0,  0,  0,  0,141,  0,193,  0,  0,  0,202,
202,  0,  0,  0,  0,  0,  0,  0,  0,197,  0,202,
202,  0,  0,139,  0,  0,  0,  0,141,  0,  0,202,
 91, 91,  0,  0,  0,  0,197,  0,  0,  0, 91, 91,
201,201,  0,  0,141,  0,  0,  0,  0,  0,201,201,
202,  0,  0,139,  0,  0,  0,139,  0,  0,  0,202,
202,  0,  0,  0,  0,  0,193,  0,  0,197,  0,202,
C
  0,  0,  0,  0,  0,  0,  0,  0,  0,  0,  0,  0,
  0,  0,  0,  0,  0,  0,  0,  0,  0,  0,  0,  0,
 91, 91,  0,  0, 91, 91, 91,  0,  0, 91, 91, 91,
  0,  0,  0,  0,  0,  0,  0,  0,  0,  0,  0,  0,
  0,  0,  0,  0,  0,  0,  0,  0,  0,  0,  0,  0,
  0,  0,  0,  0,  0,  0,  0,  0,  0,  0,  0,  0,
  0,  0,  0,  0,  0,  0,  0,  0,  0,  0,  0,  0,
  0,  0,  0,  0,  0,  0,  0,  0,  0,  0,  0,  0,
  0,  0,  0,  0,  0,  0,  0,  0,  0,  0,  0,  0,
  0,  0,  0,  0,  0,  0,  0,  0,  0,  0,  0,  0,
  0,  0,  0,  0,  0,  0,  0,  0,  0,  0,  0,  0,
  0,  0,  0,  0,  0,  0,  0,  0,  0,  0,  0,  0,
A
0,0,0,
2,2,2,
2,2,2,
2,2,2,
2,2,2,
3,3,3,
B
  0,  0,  0,  0,  0,  0,  0,  0,  0,  0,  0,  0,
107,138,203,203,173,107,107,107,107,107,107,107,
  0,  0,  0,  0,191,  0,  0,  0,  0,  0,  0,  0,
  0,  0,  0,  0,  0,  0,  0,  0,  0,  0,  0,  0,
192,  0,  0, 50, 50, 50, 50, 50, 50, 50, 50, 50,
  0,190,  0, 50, 50, 50, 50, 50, 50, 50, 50, 50,
  0,  0,  0, 73,154,155,156, 60, 60,160,161,162,
  0,189,  0, 73,157,158,159, 55, 60,163,164,165,
  0,193,  0,  0,  0,  0,  0,192,  0,193,  0,  0,
180,180,180,180,180,180,180,180,180,180,180,180,
  0,  0,  0,  0,  0,  0,  0,  0,  0,  0,  0,  0,
187,  0,137,  0,  0,  0,  0,  0,  0,  0,  0,  0,
C
  0,  0,  0,  0,  0,  0,  0,  0,  0,  0,  0,  0,
  0,  0,  0,  0,  0,  0,  0,  0,  0,  0,  0,  0,
  0,  0,  0,  0,  0,  0,  0,  0,  0,  0,  0,  0,
  0,  0,  0,  0,  0,  0,  0,  0,  0,  0,  0,  0,
  0,  0,  0,  0,  0,105,  0,  0,  0,  0,  0,  0,
  0,  0,  0,  0,  0,  0,  0,  0,  0,  0,  0,  0,
  0,  0,  0,  0, 62, 64, 63, 65, 75, 62, 64, 63,
  0,  0,  0,  0, 56, 59, 57,  0,  0, 56, 59, 57,
  0,  0,  0,  0,  0,  0,  0,  0,  0,  0,  0,  0,
  0,  0,  0,  0,  0,  0,  0,  0,  0,  0,  0,  0,
  0,  0,  0,  0,  0,  0,  0,  0,  0,  0,  0,  0,
  0,  0,  0,  0,  0,  0,  0,  0,  0,  0,  0,  0,
A
0,0,0,
0,0,0,
0,0,0,
0,0,0,
0,0,0,
0,0,0,
B
  0,  0,  0,  0,  0,  0,  0,  0,  0,  0,  0,  0,
  0,  0,  0,  0,  0,  0,  0,  0,  0,  0,  0,  0,
  0,  0,  0,  0,  0,  0,  0,  0,  0,  0,  0,  0,
  0,  0,  0,  0,  0,  0,  0,  0,  0,  0,  0,  0,
  0,  0,  0,  0,  0,  0,  0,  0,  0,  0,  0,  0,
  0,  0,  0,  0,  0,  0,  0,  0,  0,  0,  0,  0,
  0,  0,  0,  0,  0,  0,  0,  0,  0,  0,  0,  0,
  0,  0,  0,  0,  0,  0,  0,  0,  0,  0,  0,  0,
  0,  0,  0,  0,  0,  0,  0,  0,  0,  0,  0,  0,
  0,  0,  0,  0,  0,  0,  0,  0,  0,  0,  0,  0,
  0,  0,  0,  0,  0,  0,  0,  0,  0,  0,  0,  0,
  0,  0,  0,  0,  0,  0,  0,  0,  0,  0,  0,  0,
A
2,2,2,
2,2,2,
2,2,2,
2,2,2,
0,0,0,
0,0,0,
B
202,  0,  0,193,  0,  0,190,  0,  0,  0,192,202,
202,141,  0,  0,  0,  0,  0,198,106,106,106,106,
 84,  0,  0,194,  0,  0,  0,  0,201,201,201,202,
 85,  0,  0,  0,  0,139,  0,192,  0,  0,193,202,
202,  0,  0,197,  0,  0,  0,  0,  0,  0,  0,202,
202,141,  0,  0,  0,  0,  0,  0,  0,  0,  0,202,
202,  0,  0,  0,  0,  0,208,  0,193,  0,141,202,
202,  0,192,  0,  0,  0,  0,  0,  0,  0,192,202,
204,204,204,204,204,204,204,204,204,204,204,204,
 91, 91, 91,187,  0,  0,187,  0,  0, 91, 91, 91,
  0,  0,  0,  0,  0,  0,  0,  0,  0,  0,  0,  0,
  0,  0,  0,  0,  0,  0,  0,  0,  0,  0,  0,  0,

A
2,2,2,
2,2,2,
2,2,2,
2,2,2,
2,2,2,
2,2,2,
B
202,  0,  0,  0,  0,  0,  0,  0,194,  0,  0,202,
202,139,  0,  0,  0,  0,  0,  0,  0,190,  0,202,
202,  0,  0,  0,  0,198,106,106,106,106,177,202,
202,  0,193,  0,  0,  0,201,201,201,201,193,202,
202,  0,  0,  0,  0,  0,  0,  0,  0,  0,  0, 86,
202,  0,141,  0,  0,  0,  0,141,  0,  0,  0, 87,
202,  0,  0,  0,193,  0,  0,  0,  0,  0,  0,202,
202,141,  0,  0,  0,  0,  0,  0,  0,193,197,202,
202,198,106,106,106,106,106,177,  0,  0,  0,202,
202,197,201,201,201,201,201,  0,  0,  0,  0,202,
202,  0,  0,  0,  0,  0,  0,  0,193,  0,  0,202,
202,141,  0,  0,  0,  0,  0,  0,  0,  0,  0,202,
A
2,2,2,
2,2,2,
2,2,2,
2,2,2,
2,2,2,
2,2,2,
B
202,  0,  0,  0,  0,141,  0,  0,  0,  0,  0, 86,
202,  0,195,  0,  0,  0,  0,  0,  0,  0,  0, 87,
202,  0,  0,  0,  0,198,106,106,106,106,106,106,
202,  0,139,  0,  0,  0,201,201,201,201,201,201,
202,  0,  0,  0,  0,  0,  0,  0,  0,  0,  0,202,
202,  0,  0,194,  0,  0,193,  0,  0,  0,  0,202,
202,  0,  0,209,  0,  0,  0,  0,197,  0,  0,202,
202,  0,207,  0,  0,  0,  0,  0,  0,  0,  0,202,
106,106,106,106,177,  0,141,  0,  0,  0,  0,202,
201,201,201,201,  0,  0,  0,  0,  0,193,  0,202,
202,  0,  0,  0,  0,  0,  0,  0,  0,  0,  0,202,
202,  0,  0,197,  0,  0,208,  0,  0,  0,  0,202,
A
2,2,2,
2,2,2,
2,2,2,
2,2,2,
2,2,2,
2,2,2,
B
201,201,201,201,  0,  0,194,  0,201,201,201,201,
197,  0,  0,  0,  0,  0,  0,  0,193,  0,  0,197,
106,106,106,177,  0,  0,  0,  0,198,106,106,106,
201,201,201,  0,  0,  0,  0,  0,  0,201,201,201,
202,  0,  0,  0,  0,  0,139,  0,  0,  0,  0,202,
 84,  0,  0,209,  0,  0,  0,  0,193,  0,  0,202,
 85,  0,  0,  0,  0,  0,  0,  0,  0,  0,  0,202,
202,  0,141,  0,  0,  0,  0,  0,  0,  0,  0,202,
202,  0,  0,  0,  0,  0,194,  0,  0,  0,  0,202,
202,190,  0,  0,  0,  0,  0,  0,  0,208,  0,202,
202,193,  0,  0,197,  0,  0,  0,  0,  0,  0,202,
202,  0,  0,  0,  0,  0,  0,  0,193,  0,193,202,
A
5,5,5,
5,5,5,
2,2,2,
2,2,2,
2,2,2,
2,2,2,
B
 54, 54, 54, 54,  0, 71,154,155,156, 47,167,166,
148,148,149, 54,101, 71,157,158,159, 55,168,169,
152,151,152, 70,  0,  0,193,  0,  0,  0,  0,  0,
203,203,203,203,203,203,203,203,203,203,203,203,
197,  0,  0,  0,  0,  0,  0,  0,141,  0,  0,  0,
 84,  0,  0,  0,193,  0,  0,  0,  0,  0,  0,194,
 85,  0,  0,  0,  0,  0,  0,197,  0,  0,  0,  0,
197,  0,141,  0,  0,  0,  0,  0,  0,139,  0,  0,
  0,  0,  0,  0,  0,  0,  0,195,  0,  0,  0,  0,
  0,  0,195,  0,  0,189,  0,  0,  0,193,  0,198,
  0,  0,  0,  0,  0,  0,  0,  0,  0,  0,  0,  0,
106,106,106,106,  0,139,  0,  0,106,106,106,106,
C
 61, 61, 81, 83,  0,  0,115,116,117,  0,115,117,
 90, 88, 90, 81,  0,  0,118,119,120,  0,118,120,
 49, 48, 49,  0,  0,  0,  0,  0,  0,  0,  0,  0,
  0,  0,  0,  0,  0,  0,  0,  0,  0,  0,  0,  0,
  0,  0,  0,  0,  0,  0,  0,  0,  0,  0,  0,  0,
  0,  0,  0,  0,  0,  0,  0,  0,  0,  0,  0,  0,
  0,  0,  0,  0,  0,  0,  0,  0,  0,  0,  0,  0,
  0,  0,  0,  0,  0,  0,  0,  0,  0,  0,  0,  0,
  0,  0,  0,  0,  0,  0,  0,  0,  0,  0,  0,  0,
  0,  0,  0,  0,  0,  0,  0,  0,  0,  0,  0,  0,
  0,  0,  0,  0,  0,  0,  0,  0,  0,  0,  0,  0,
  0,  0,  0,  0,  0,  0,  0,  0,  0,  0,  0,  0,
A
5,5,5,
5,5,5,
5,5,5,
5,5,5,
5,5,5,
5,5,5,
B
  0,  0,  0,  0,  0,  0,  0,  0,  0,  0,  0,  0,
  0,  0,  0,  0,  0,  0,  0,  0,  0,  0,  0,  0,
 78, 80,  0,  0,  0,  0,  0,  0,  0,  0,  0,  0,
 82, 83, 80,  0,  0,  0,  0,  0,  0,  0,  0,  0,
 82, 83, 83, 80,  0,  0,  0,  0,  0,  0,  0,  0,
 82, 83, 83, 83,  0,  0,  0,  0,  0,  0,  0,  0,
 82, 83, 83, 83,  0,  0,  0,  0,  0,  0,  0,  0,
 82, 83, 83, 83,  0,  0,  0,  0,  0,  0,  0,  0,
 82, 83, 83, 83,  0,  0,  0,  0,  0,  0,  0,  0,
 82, 83, 83, 83,  0,  0,189,  0,  0,  0,  0,  0,
 82, 83, 83, 83,  0, 50, 50, 50, 50, 50, 50, 50,
 54, 54, 83, 83,  0, 50, 50, 50, 50, 50, 50, 50,
C
  0,  0,  0,  0,  0,  0,  0,  0,  0,  0,  0,  0,
  0,  0,  0,  0,  0,  0,  0,  0,  0,  0,  0,  0,
  0,  0,  0,  0,  0,  0,  0,  0,  0,  0,  0,  0,
  0,  0,  0,  0,  0,  0,  0,  0,  0,  0,  0,  0,
  0,  0,  0,  0,  0,  0,  0,  0,  0,  0,  0,  0,
  0,  0,  0,  0,  0,  0,  0,  0,  0,  0,  0,  0,
  0,  0,  0,  0,  0,  0,  0,  0,  0,  0,  0,  0,
  0,  0,  0,  0,  0,  0,  0,  0,  0,  0,  0,  0,
  0,  0,  0,  0,  0,  0,  0,  0,  0,  0,  0,  0,
  0,  0,  0,  0,  0,  0,  0,  0,  0,  0,  0,  0,
  0,  0,  0,  0,  0,  0,105,  0,  0,  0,  0,  0,
 79, 81,  0,  0,  0,  0,  0,  0,  0,  0,  0,  0,
