A
1,1,1,
1,1,1,
1,1,1,
1,1,1,
1,1,1,
1,1,1,
B
  0,  0,  0,  0,  0,  0,  0,  0,  0,  0,  0,  0,
  0,  0,  0,  0,  0,  0,  0,  0,  0,  0,  0,  0,
  0,  0,  0,  0,  0,  0,  0,  0,  0,  0,  0,  0,
  0,  0,  0,  0,  0,  0,  0,  0,  0,  0,  0,  0,
  0,  0,  0,  0,  0,  0,  0,  0,  0,  0,  0,  0,
  0,  0,  0,  0,  0,  0,  0,  0,  0,  0,  0,  0,
  0,  0,  0,  0,  0,  0,  0,  0,  0,  0,  0,  0,
  0,  0,  0,  0,  0,  0,  0,  0,  0,  0,  0,  0,
  0,  0,  0,  0,  0,  0,  0,  0,  0,  0,  0,  0,
  0,  0,  0,  0,  0,  0,  0,  0,  0,  0,  0,  0,
  0,  0,  0,  0,  0,  0,  0,  0,  0,  0,  0,  0,
  0,  0,  0,  0,  0,  0,  0,  0,  0,  0,  0,  0,

A
1,2,1,
1,1,1,
1,2,1,
2,2,3,
1,1,2,
1,1,1,
B
195,  0,  0,  0,  0,128,129,103,103,103,103,  0,
127,  0,  0,  0,  0,128,129,103,103,103,103,  0,
127,157,  0,  0,  0,128,129,103,103,103,103,  0,
127,  0,  0,  0,  0,128,129,103,103,103,103,  0,
194,  0,  0,  0,154,128,129,106,109,109,108,129,
129,127,  0,  0,  0,128,129,118,119,119,119,129,
129,127,  0,  0,  0,  0,126,148,126,126,126,126,
195,  0,153,  0,  0,  0,157,149,147,147,147,147,
127,  0,  0,  0,  0,  0,  0,  0,  0,  0,  0,  0,
  0,  0,  0,  0,  0,  0,  0,  0,  0,  0,  0,  0,
  0,  0,  0,  0,  0,  0,  0,  0,  0,  0,  0,  0,
  0,  0,  0,  0,  0,  0,  0,  0,  0,  0,  0,  0,
C
  0,  0,  0,  0,  0,  0,102,  0, 99,101,  0,104,
  0,  0,  0,  0,  0,  0,102,  0,102,104,  0,104,
  0,  0,  0,  0,  0,  0,102,  0,105,107,  0,104,
  0,  0,  0,  0,  0,  0,102,  0,  0,  0,  0,104,
  0,  0,  0,  0,  0,  0,105,  0,  0,  0,  0,107,
 54,  0,  0,  0,  0,  0,116,  0,  0,  0,  0,117,
 56,  0,  0,  0,  0,  0,  0,  0,  0,  0,  0,  0,
  0,  0,  0,  0,  0,  0,  0,  0,  0,  0,  0,  0,
  0,  0,  0,  0,  0,  0,  0,  0,  0,  0,  0,  0,
  0,  0,  0,  0,  0,  0,  0,  0,  0,  0,  0,  0,
  0,  0,  0,  0,  0,  0,  0,  0,  0,  0,  0,  0,
  0,  0,  0,  0,  0,  0,  0,  0,  0,  0,  0,  0,

A
5,5,5,
5,5,5,
5,5,5,
3,1,3,
0,0,1,
0,3,1,
B
  0,178,  0,177,  0,  0,  0,  0,  0,176,  0,128,
  0,177,  0,  0,  0,158,  0,  0,  0,  0,  0,128,
  0,  0, 53, 54,  0,  0,  0,  0,  0, 33,166,128,
  0,  0, 55, 56,  0,  0,  0,  0,  0,  0,  0,128,
176,  0,  0,  0,  0,  0,  0,  0,  0,  0,  0,128,
 32,  0,  0,  0,  0,  0,  0,169,  0,  0,  0, 51,
138,138,138,138,138,138,138,138,138,138,138,138,
  0,  0,  0,  0,  0,156,  0,  0,  0,  0,  0,193,
127,  0,  0,  0,  0,  0,  0,  0,  0,  0,128,129,
194,155,  0,  0,  0,  0,  0,  0,  0,  0,128,129,
191,127,  0,  0,  0,  0,125, 12, 13,125,128,129,
191,127,  0,  0,170,128,129,100,100,100,100,129,
C
  0,  0,  0,  0,  0,  0,  0,  0,  0,  0,  0,  0,
  0,  0,  0,  0,  0,  0,  0,  0,  0,  0,  0,  0,
  0,  0,  0,  0,  0,  0,  0,  0,  0,  0,  0,  0,
  0,  0,  0,  0,  0,  0,  0,  0,  0,  0,  0,  0,
  0,  0,  0,  0,  0,  0,  0,  0,  0,  0,  0, 49,
  0,  0,  0,  0,  0,  0,  0,  0,  0,  0,  0,  0,
 44, 47, 44, 47, 45,  0,  0, 46, 44, 47, 44, 44,
  0,  0,  0,  0,  0,  0,  0,  0,  0,  0,  0,  0,
  0,  0,  0,  0,  0,  0,  0,  0,  0,  0,  0, 53,
  0,  0,  0,  0,  0,  0,  0,  0,  0,  0,  0, 55,
 50,  0,  0,  0,  0,  0,  0,  0,  0,  0,  0, 12,
 52,  0,  0,  0,  0,  0, 99,  0,  0,  0,  0,101,

A
3,3,1,
3,3,3,
5,5,5,
5,5,5,
5,5,5,
5,5,5,
B
106,106,108,129,127,  0,  0,148,  0,  0,  0,  0,
118,118,119,129,127,152,147,150,  0,  0,  0,156,
150,149,147,147,147,150,  0,  0,  0,155,  0,  0,
140,140,140,140,140,140,140,140,140,140,140,140,
  0,  0, 33,  0,  0,  0,  0,  0,  0,  0,  0,176,
  0,  0,  0,  0,  0,  0,  0,  0,  0,  0,  0,  0,
127,  0,  0,  0,  0,177,  0,  0,  0,  0,166,  0,
127,  0,  0,  0,180,  0,  0,  0, 49, 50,  0,  0,
127,  0,  0,  0,  0,  0,  0,170, 51, 52,  0,  0,
 52,176,  0,168,  0,  0,  0,  0,  0,  0,  0,  0,
  0,  0,  0,  0,  0,  0,153,  0,  0,  0,  0, 53,
  0,177,  0,  0,  0,  0,  0,  0,  0,  0,  0,128,
C
  0,  0,  0,107,  0,  0,  0,  0,  0,  0,  0,  0,
  0,  0,  0,117,  0,  0,  0,  0,  0,  0,  0,  0,
  0,  0,  0,  0,  0,  0,  0,  0,  0,  0,  0,  0,
 47, 44, 47, 44, 47, 44, 45,  0,  0, 46, 44, 47,
  0,  0,  0,  0,  0,  0,  0,  0,  0,  0,  0,  0,
 53, 54,  0,  0,  0,  0,  0,  0,  0,  0,  0,  0,
 55, 56,  0,  0,  0,  0,  0,  0,  0,  0,  0,  0,
  0,  0,  0,  0,  0,  0,  0,  0,  0,  0,  0,  0,
 50,  0,  0,  0,  0,  0,  0,  0,  0,  0,  0,  0,
  0,  0,  0,  0,  0,  0,  0,  0,  0,  0,  0,  0,
  0,  0,  0,  0,  0,  0,  0,  0,  0,  0,  0,  0,
  0,  0,  0,  0,  0,  0,  0,  0,  0,  0,  0, 55,

A
2,0,2,
2,0,0,
0,1,1,
0,2,0,
0,0,3,
0,1,2,
B
160,  0,  0,  0,158,148,  0,  0,152,147,150,128,
  0,157,  0,  0,  0,149,147,147,150,159,  0,128,
  0,  0,  0,  0,  0,  0,  0,  0,  0,  0,  0,128,
125,125,125,125,  0,  0,168,  0,  0,  0,  0,128,
100,100,100,129,127,  0,  0,  0,  0,  0,165,128,
103,103,103,104,127,  0,  0,  0,  0,  0,  0,128,
103,103,103,104,127,  0,  0,  0,  0,  0,166,128,
103,103,103,104,127,  0,  0,  0,  0,  0,  0,128,
103,103,103,104,127,  0,  0,157,  0,  0,  0,  0,
103,103,103,104,127,  0,  0,152,147,147,147,147,
103,103,103,104,127,  0,  0,148,  0,  0,  0,  0,
103,103,103,104,127,  0,170,148,  0,  0,161,162,
C
  0,  0,  0,  0,  0,  0,  0,  0,  0,  0,  0,  0,
  0,  0,  0,  0,  0,  0,  0,  0,  0,  0,  0,  0,
  0,  0,  0,  0,  0,  0,  0,  0,  0,  0,  0,  0,
  0,  0,  0,  0,  0,  0,  0,  0,  0,  0,  0,  0,
  0,  0,  0,101,  0,  0,  0,  0,  0,  0,  0,  0,
  0,  0,  0,  0,  0,  0,  0,  0,  0,  0,  0,  0,
  0,  0,  0,  0,  0,  0,  0,  0,  0,  0,  0,  0,
  0,  0,  0,  0,  0,  0,  0,  0,  0,  0,  0,  0,
  0,  0,  0,  0,  0,  0,  0,  0,  0,  0,  0,  0,
  0,  0,  0,  0,  0,  0,  0,  0,  0,  0,  0,  0,
  0,  0,  0,  0,  0,  0,  0,  0,  0,  0,  0,  0,
  0,  0,  0,  0,  0,  0,  0,  0,  0,  0,  0,  0,

A
2,2,2,
2,3,0,
0,0,0,
0,3,0,
3,3,3,
0,3,0,
B
  0,  0,  0,  0,  0,  0,  0,  0,  0,  0,  0,  0,
156,  0,  0,  0,  0,  0,  0,158,  0,157,  0,  0,
  0,  0,  0,  0,  0,  0,153,  0,  0,  0, 12, 13,
  0,  0,  0,157,  0,  0,  0,156,  0,  0, 14, 15,
154,  0,  0,  0,  0,154,  0,  0,  0,  0,152,147,
  0,  0,125,125,125,125,  0,  0,  0,  0,148,157,
  0,128,129,100,100,129,127,  0,  0,155,148,128,
  0,128,129,103,103,129,127,  0,  0,  0,148,128,
  0,128,129,103,103,129,127,  0,  0,  0,148,128,
  0,128,129,129,129,129,127,  0,  0,  0,148,128,
  0,128,129,129,129,129,127,  0,  0,  0,148,128,
  0,  0,  0,149,147,151,  0,  0,  0,  0,148,128,
C
  0,  0,  0,  0,  0,  0,  0,  0,  0,  0,  0,  0,
  0,  0,  0,  0,  0,  0,  0,  0,  0,  0,  0,  0,
  0,  0,  0,  0,  0,  0,  0,  0,  0,  0,  0,  0,
  0,  0,  0,  0,  0,  0,  0,  0,  0,  0,  0,  0,
  0,  0,  0,  0,  0,  0,  0,  0,  0,  0,  0,  0,
  0,  0,  0,  0,  0,  0,  0,  0,  0,  0,  0,  0,
  0,  0, 99,  0,  0,101,  0,  0,  0,  0,  0,  0,
  0,  0,102,  0,  0,104,  0,  0,  0,  0,  0,  0,
  0,  0,102,  0,  0,104,  0,  0,  0,  0,  0,  0,
  0,  0,105,106,109,107,  0,  0,  0,  0,  0,  0,
  0,  0,116,118,119,117,  0,  0,  0,  0,  0,  0,
  0,  0,  0,  0,  0,  0,  0,  0,  0,  0,  0,  0,

A
2,2,2,
2,2,2,
2,2,2,
2,2,2,
2,2,2,
2,2,2,
B
  0,  0,  0,  0,  0,  0,  0,  0,  0,  0,  0,  0,
  0,  0,  0,  0,  0,  0,  0,  0,  0,  0,  0,  0,
  0,  0,  0,  0,  0,  0,  0,  0,  0,  0,  0,  0,
  0,  0,  0,  0,  0,  0,  0,  0,  0,  0,  0,  0,
  0,  0,  0,  0,  0,  0,  0,  0,  0,  0,  0,  0,
  0,  0,  0,  0,  0,  0,  0,  0,  0,  0,  0,  0,
  0,  0,  0,  0,  0,  0,  0,  0,  0,  0,  0,  0,
  0,  0,  0,  0,  0,  0,  0,  0,  0,  0,  0,  0,
  0,  0,  0,  0,  0,  0,  0,  0,  0,  0,  0,  0,
  0,  0,  0,  0,  0,  0,  0,  0,  0,  0,  0,  0,
  0,  0,  0,  0,  0,  0,  0,  0,  0,  0,  0,  0,
  0,  0,  0,  0,  0,  0,  0,  0,  0,  0,  0,  0,

A
0,1,0,
0,0,3,
2,1,1,
0,2,0,
2,2,2,
2,2,2,
B
  0,  0,  0,  0,  0,171,  0,  0,  0,  0,  0,  0,
 40, 39, 39,172,173, 39, 41,  0,  0,168,  0,  0,
 38,  0,  0,  0,  0,154, 38,  0,  0,  0,  0,  0,
 38,  0, 40, 39, 39, 39, 43,  0,  0,  0,  0,  0,
 38,  0, 38,  0,  0,  0,  0,  0,  0,  0,167,  0,
 38,155, 38,168,  0,  0,  0,  0,165,  0,  0,  0,
 38,  0, 38,  0,  0,  0,  0,  0,  0,  0,  0,  0,
 43,  0, 38,  0,  0,  0,161,162,  0,  0,  0,  0,
 39, 39, 43,  0,  0,  0,166,  0,  0,  0,  0,  0,
  0,  0,  0,  0,  0,  0,  0,  0,  0,  0,168,  0,
  0,  0,  0,  0,  0,  0,  0,  0,  0,  0,  0,  0,
  0,  0,  0,  0,  0,  0,  0,  0,  0,  0,  0,  0,
C
  0,  0,  0,  0,  0,  0,  0,  0,  0,  0,  0,  0,
  0,  0,  0, 34, 35,  0,  0,  0,  0,  0,  0,  0,
  0,  0,  0, 36, 37,  0,  0,  0,  0,  0,  0,  0,
  0,  0,  0,  0,  0,  0,  0,  0,  0,  0,  0,  0,
  0,  0,  0,  0,  0,  0,  0,  0,  0,  0,  0,  0,
  0,  0,  0,  0,  0,  0,  0,  0,  0,  0,  0,  0,
  0,  0,  0,  0,  0,  0,  0,  0,  0,  0,  0,  0,
  0,  0,  0,  0,  0,  0,  0,  0,  0,  0,  0,  0,
  0,  0,  0,  0,  0,  0,  0,  0,  0,  0,  0,  0,
  0,  0,  0,  0,  0,  0,  0,  0,  0,  0,  0,  0,
  0,  0,  0,  0,  0,  0,  0,  0,  0,  0,  0,  0,
  0,  0,  0,  0,  0,  0,  0,  0,  0,  0,  0,  0,

A
3,1,0,
1,0,1,
2,3,1,
1,3,2,
0,0,0,
2,0,1,
B
168,  0,  0,  0,  0,  0,  0,  0,  0,  0,  0,  0,
  0,  0,  0,  0,  0,  0,  0,  0,  0,  0,  0,  0,
  0,  0,  0,  0,175,  0,  0,  0,  0,  0,  0,  0,
  0,  0,  0,  0,  0,  0,  0,  0,  0,  0,  0,  0,
  0,160,  0,  0,  0,  0,  0,  0,  0,  0,  0,  0,
  0,  0,162,  0,  0,  0,  0,  0,  0,169,  0,  0,
  0,  0,  0,  0,  0, 12, 13,  0,  0,  0,  0,  0,
  0,  0,  0,  0,  0, 14, 15,  0,166,  0,  0,  0,
  0,  0,170,  0,  0,  0,  0,  0,  0,  0,  0,  0,
  0,  0,  0,  0,  0,  0,  0,  0,  0,  0,  0,  0,
  0,  0,  0,  0,  0,  0,169,  0,  0,  0,  0,  0,
  0,  0,  0,  0,  0,  0,  0,  0,  0,  0,  0,165,

A
3,3,0,
0,0,0,
1,0,0,
2,2,2,
0,1,0,
1,0,2,
B
  0,  0,  0,  0,  0,  0,  0,  0,128,129,103,103,
  0,  0,  0,  0,  0,  0,  0,  0,128,129,103,103,
  0,  0,  0,  0,  0,  0,  0,  0,128,129,106,109,
  0,  0,  0,  0,  0,  0,  0,  0,128,129,118,119,
  0,  0,  0,  0,  0,  0,  0,  0,  0,126,126,126,
  0,  0,  0,  0,  0,  0,  0,  0,  0,  0,  0,  0,
  0,  0,  0,  0,  0,  0,  0,  0,  0,  0,  0,  0,
  0,  0,  0,  0,  0,  0,  0,  0,  0,  0,  0,  0,
  0,  0,  0,  0,  0,  0,  0,  0,  0,  0,  0,  0,
  0,  0,  0,  0,  0,  0,  0,  0,  0,  0,  0,  0,
  0,  0,  0,  0,  0,  0,  0,  0,  0,  0,  0,  0,
  0,  0,  0,  0,  0,  0,  0,  0,  0,  0,  0,  0,
C
  0,175, 14, 15,  0,  0,  0,  0,  0,102,  0,  0,
  0,  0,  0,  0,  0,  0,  0,  0,  0,102,  0,  0,
  0,  0,  0,  0,165,  0,  0,  0,  0,105,  0,  0,
  0,  0,  0,  0,  0,  0,  0,  0,  0,116,  0,  0,
  0,157,  0,  0,  0,  0,  0,  0,  0,  0,  0,  0,
  0,  0,  0,  0,  0,  0,  0,  0,  0,  0,  0,  0,
206,206,206,206,206,206,206,206,206,206,206,206,
  0,  0,  0,  0,  0,  0,  0,  0,  0,  0,  0,  0,
206,206,206,206,206,206,206,206,206,206,206,206,
  0,  0,  0,  0,189,  0,  0,  0,  0,  0,  0,  0,
  0,  0,  0,  0,  0,  0,  0,  0,  0,  0,  0,  0,
  0,  0,  0,  0,  0,  0,  0,166,  0,  0,  0,  0,

A
1,1,1,
3,3,3,
3,3,3,
3,3,3,
0,0,0,
3,0,0,
B
136,136,136,136,136,136,136,138,138,142,142,142,
  0,  0,154,  0,  0,  0,159,  0,  0,  0, 26, 27,
153,  0,  0,  0,  0,158,  0,  0,155,  0,  0,  0,
  0,  0,  0,  0, 11,153,  0, 11,  0,156,  0,  0,
  0,168,  0,  0,179,  0,  0,179,  0,  0,170,157,
154,  0,  0,  0,  0,  0,  0,  0,  0,155,  0,  0,
  0,  0,  0,155,  0,  0,  0,  0,  0,  0,  0,  0,
 48, 48, 48, 48, 48,  0,155, 48, 48, 48, 48, 48,
  0,  0,  0,  0,  0,  0,  0,  0,  0,  0,  0,  0,
154,  0,  0,  0,  0,  0,  0,  0,168,  0,  0,  0,
  0,  0,  0,  0,  0,  0,  0,  0,  0,125,125,125,
  0,  0, 12, 13,  0,  0,  0,  0,128,129,129,129,
C
 48, 48, 48, 48, 48, 48, 48,  0,  0, 48, 48, 48,
  0,  0,  0,  0,  0,  0,  0,  0,  0,  0,  0,  0,
  0,  0,  0,  0,  0,  0,  0,  0,  0,  0,  0,  0,
  0,  0,  0,  0,  0,  0,  0,  0,  0,  0,  0,  0,
  0,  0,  0,  0,  0,  0,  0,  0,  0,  0,  0,  0,
  0,  0,  0,  0,  0,  0,  0,  0,  0,  0,  0,  0,
  0,  0,  0,  0,  0,  0,  0,  0,  0,  0,  0,  0,
  0,  0,  0,  0,  0,  0,  0,  0,  0,  0,  0,  0,
  0,  0,  0,  0,  0,  0,  0,  0,  0,  0,  0,  0,
  0,  0,  0,  0,  0,  0,  0,  0,  0,  0,  0,  0,
  0,  0,  0,  0,  0,  0,  0,  0,  0,  0,  0,  0,
  0,  0,  0,  0,  0,  0,  0,  0,  0, 99,100,100,

A
5,5,5,
5,5,5,
5,5,5,
5,5,5,
5,5,5,
5,5,5,
B
  0,  0,  0,  0,  0,  0,  0,  0,  0,  0,  0,  0,
  0,  0,  0,  0,  0,  0,  0,  0,  0,  0,  0,  0,
170,  0,  0,  0,  0,176,  0,  0,  0,  0,  0,178,
  0,  0,  0,  0,  0,  0,  0,  0,  0,177,  0,  0,
142,142,142,142,  0,  0,  0,  0,  0,  0,  0,  0,
146,146,146,146,143,  0,  0,  0,  0,  0,  0,  0,
146,146,146,146,143,  0,168,  0,  0,  0,166, 53,
146,146,146,146,143,166,  0,  0,176,  0,  0, 55,
146,146,146,146,143,  0,  0,  0,  0,  0,170,  0,
146,146,146,146,143,  0,  0,  0,169,  0,  0,  0,
146,146,146,146,143, 53, 54,  0,171,  0,174,  0,
146,146,146,146,143, 55, 56,  0,  0,  0,  0,  0,
C
  0,  0,  0,  0,  0,  0,  0,  0,  0,  0,  0,  0,
  0,  0,  0,  0,  0,  0,  0,  0,  0,  0,  0,  0,
  0,  0,  0,  0,  0,  0,  0,  0,  0,  0,  0,  0,
  0,  0,  0,  0,  0,  0,  0,  0,  0,  0,  0,  0,
  0,  0,  0,  0,  0,  0,  0,  0,  0,  0,  0,  0,
  0,  0,  0,  0,  0,  0,  0,  0,  0,  0,  0,  0,
  5,  5,  2,  0,  0,  0,  0,  0,  0,  0,  0,  0,
  9,  9,  7,  0,  0,  0,  0,  0,  0,  0,  0,  0,
  9,  9,  7,  0,  0,  0,  0,  0,  0,  0,  0,  0,
  8,  8,  8,  0,  0,  0,  0,  0,  0,  0,  0,  0,
  0,  0,  0,  0,  0,  0,  0,  0,  0,  0,  0,  0,
  0,  0,  0,  0,  0,  0,  0,  0,  0,  0,  0,  0,

A
5,5,5,
5,5,5,
5,5,5,
5,5,5,
5,5,5,
5,5,5,
B
  0,  0,  0,  0,  0,  0,  0,  0,  0,  0,  0,  0,
  0,  0,  0,  0,  0,  0,  0,  0,  0,  0,  0,  0,
  0,  0,  0,  0,  0,  0,  0,  0,  0,  0,  0,  0,
  0,  0,  0,  0,  0,  0,  0,  0,  0,  0,  0,  0,
  0,  0,  0,  0,  0,  0,  0,  0,  0,  0,  0,  0,
  0,  0,  0,  0,  0,  0,  0,  0,  0,  0,  0,  0,
  0,  0,  0,  0,  0,  0,  0,  0,  0,  0,  0,  0,
  0,  0,  0,  0,  0,  0,  0,  0,  0,  0,  0,  0,
  0,  0,  0,  0,  0,  0,  0,  0,  0,  0,  0,  0,
  0,  0,  0,  0,  0,  0,  0,  0,  0,  0,  0,  0,
  0,  0,  0,  0,  0,  0,  0,  0,  0,  0,  0,  0,
  0,  0,  0,  0,  0,  0,  0,  0,  0,  0,  0,  0,

A
5,5,5,
5,5,5,
5,5,5,
5,5,5,
5,5,5,
5,5,5,
B
  0,168,  0,  0,  0,  0,149,147,147,147,151,133,
165,153,153,  0,  0,  0,  0,  0,  0, 32,148,133,
156,165,156,153,  0,  0,  0,  0,  0,  0,148,133,
155,153,  0,  0,  0,  0,  0,170,  0,  0,148,133,
165,  0,  0,  0,  0,  0,175,  0,  0,  0,149,147,
  0,  0,  0,  0,  0,  0,  0,  0,  0,  0,  0,  0,
  0,  0,  0,  0,  0,  0,  0, 53, 54,  0,  0,  0,
  0,  0,  0,  0,  0,  0,  0, 55, 56,  0,  0,  0,
 49, 50,  0,  0,169,  0,  0,  0,  0,  0,  0,  0,
 51, 52,  0,  0,  0,  0,  0,  0,  0,  0,  0,176,
  0,  0,  0,  0,  0,  0,  0,  0,  0,  0,  0,  0,
  0,  0,  0,  0,  0,  0,  0,  0,  0,  0,  0,  0,

A
5,5,5,
5,5,5,
5,5,5,
5,5,5,
5,5,5,
5,5,5,
B
  0,  0,  0,175,  0,  0,  0,176,116,119,118,117,
  0,  0,  0,  0,  0,152,147,147,147,147,150,157,
147,147,147,147,147,150,  0,156,148,  0,  0,  0,
  0,  0,  0,166,  0,  0,  0,  0,148,  0,  0,  0,
  0,  0,  0,  0,  0,  0,152,147,150,  0,  0,209,
  0,169,  0,  0,  0, 33,148,  0,  0,  0,  0,  0,
  0,174,  0,  0,  0,  0,148,171,  0,  0,178,  0,
  0,  0,  0,  0,  0,  0,148,  0,  0,  0,  0,  0,
  0,  0,  0,176,  0,  0,148,  0,  0,  0,  0,  0,
170,170,  0,  0,  0,  0,148, 49, 50,  0,  0,  0,
  0,  0,  0,  0,  0,  0,148, 51, 52,  0,  0,  0,
  0,  0,209,  0,  0,  0,148,  0,178,  0,  0,  0,

A
5,5,5,
5,5,5,
5,5,5,
5,5,5,
5,5,5,
5,5,5,
B
 52, 51, 52, 55, 56,  0,  0,  0,209,  0,176,  0,
 53, 54, 49, 50,  0,  0,  0,  0,  0,  0,  0,  0,
 55, 56, 51, 52,  0,  0,  0,  0,  0,  0,  0,  0,
178, 53, 54,  0,  0,177,  0,  0,176,  0,  0,  0,
174, 55, 56,  0,  0,  0,175,  0,  0,  0,  0,178,
 32,  0,176,  0,  0,  0,  0,  0,  0,  0,  0,  0,
  0,  0,180,166,  0,  0,  0,  0, 99,100,100,101,
  0,  0,  0,  0,  0,  0,  0,  0,102,103,103,104,
154,  0,  0,  0,  0,177,  0,176,102,103,103,104,
  0,  0,  0,  0,  0,  0,  0,176,102,103,103,104,
  0,169,  0,  0,  0,  0,  0,176,102,103,103,104,
  0,  0,  0,  0,  0,  0,  0,176,105,108,106,107,
C
113,  0,  0,  0,  0,  0,  0,  0,  0,  0,  0,  0,
  0,  0,  0,  0,  0,  0,  0,  0,  0,  0,  0,  0,
  0,  0,  0,  0,  0,  0,  0,  0,  0,  0,  0,  0,
  0,  0,  0,  0,  0,  0,  0,  0,  0,  0,  0,  0,
  0,  0,  0,  0,  0,  0,  0,  0,  0,  0,  0,  0,
  0,  0,  0,  0,  0,  0,  0,  0,  0,  0,  0,  0,
  0,  0,  0,  0,  0,  0,  0,  0,  0,  0,  0,  0,
  0,  0,  0,  0,  0,  0,  0,  0,  0,  0,  0,  0,
  0,  0,  0,  0,  0,  0,  0,  0,  0,  0,  0,  0,
  0,  0,  0,  0,  0,  0,  0,  0,  0,  0,  0,  0,
  0,  0,  0,  0,  0,  0,  0,  0,  0,  0,  0,  0,
  0,  0,  0,  0,  0,  0,  0,  0,  0,  0,  0,  0,

A
5,5,5,
5,5,5,
5,5,5,
5,5,5,
5,5,5,
5,5,5,
B
 52, 55, 56,  0,175,  0,  0,  0, 49, 50, 53, 54,
111,  0,  0,  0,  0,  0,  0,  0,208, 52, 55, 56,
113,  0,  0,  0,  0,  0,  0,  0,  0,  0,  0, 49,
  0,  0,  0,  0,  0,  0,  0,  0,175,  0,  0, 51,
  0,  0,176,  0,  0,  0,  0,  0,  0,  0,  0,  0,
  0,  0,  0,  0,  0,  0,  0,  0,  0,  0,  0,  0,
  0,  0,  0,175,  0,  0,  0,  0,168,  0,  0,169,
  0,170,  0,  0,  0,  0,  0,  0,  0,  0, 53, 54,
  0,  0,  0,  0,177,  0,  0,  0,  0,  0, 55, 56,
110,111,  0,  0,  0,  0,  0,  0,  0,  0,  0,  0,
112,113,  0,  0,  0,209,  0,  0,  0,  0,175,  0,
 50, 49, 50, 53, 54,  0,  0,180,  0,  0,  0,  0,
C
  0,  0,  0,  0,  0,  0,  0,  0,  0,  0,  0,  0,
  0,  0,  0,  0,  0,  0,  0,  0, 51,  0,  0,  0,
  0,  0,  0,  0,  0,  0,  0,  0,  0,  0,  0,  0,
  0,  0,  0,  0,  0,  0,  0,  0,  0,  0,  0,  0,
  0,  0,  0,  0,  0,  0,  0,  0,  0,  0,  0,  0,
  0,  0,  0,  0,  0,  0,  0,  0,  0,  0,  0,  0,
  0,  0,  0,  0,  0,  0,  0,  0,  0,  0,  0,  0,
  0,  0,  0,  0,  0,  0,  0,  0,  0,  0,  0,  0,
  0,  0,  0,  0,  0,  0,  0,  0,  0,  0,  0,  0,
  0,  0,  0,  0,  0,  0,  0,  0,  0,  0,  0,  0,
  0,  0,  0,  0,  0,  0,  0,  0,  0,  0,  0,  0,
111,  0,  0,  0,  0,  0,  0,  0,  0,  0,  0,  0,

A
3,3,3,
2,3,3,
3,0,3,
3,0,3,
0,3,3,
0,0,5,
B
  0,  0,  0,  0,  0,  0,  0,  0,  0,  0,  0,  0,
  0,  0,  0,157,  0,  0,  0,  0,  0,  0,  0,  0,
  0,161,  0,  0,  0,  0,  0,  0,161,162,  0,  0,
  0,162,163,  0,  0,  0,155,  0,  0,  0,  0,161,
188,188,188,188,188,188,188,188,188,188,188,188,
187,187,187,187,187,187,187,187,187,187,187,187,
153,  0,161,  0,  0,  0,  0,161,162,  0,  0,140,
  0,  0,  0,  0,161,162,157,  0,  0,  0,137,141,
161,  0,163,  0,  0,  0,  0,  0,140,140,141,141,
140,  0,176,  0,  0,  0,140,137,141,141,141,141,
141,141,139,  0,  0,137,141,141,  0,176,  0,  0,
141,141,139,140,140,140,141,141,178,  0,  0,  0,
C
  0,  0,  0,  0,  0,  0,  0,  0,  0,  0,  0,  0,
  0,  0,  0,  0,  0,  0,  0,  0,  0,  0,  0,  0,
  0,  0,  0,  0,  0,  0,  0,  0,  0,  0,  0,  0,
  0,  0,  0,  0,  0,  0,  0,  0,  0,  0,  0,  0,
  0,  0,  0,  0,  0,  0,  0,  0,  0,  0,  0,  0,
  0,  0,  0,  0,  0,  0,  0,  0,  0,  0,  0,  0,
  0,  0,  0,  0,  0,  0,  0,  0,  0,  0,  0,  0,
  0,  0,  0,  0,  0,  0,  0,  0,  0,  0,110,111,
  0,  0,  0,  0,  0,  0,  0,  0,  0, 49, 50,113,
 49, 50,  0,  0,  0,  0,  0, 53, 54, 51, 52, 53,
 51, 52,  0,  0,  0, 12, 13, 55, 56,110,111, 55,
 50, 53, 54,  0,  0, 14, 15, 33,  0,112,113,177,

A
3,3,3,
3,3,3,
3,3,3,
3,3,3,
3,3,3,
3,3,3,
B
  0,  0,  0,  0,  0,  0,  0,  0,  0,  0,  0,  0,
  0,  0,  0,  0,  0,  0,  0,  0,  0,  0,  0,  0,
  0,  0,  0,  0,  0,  0,  0,  0,  0,  0,  0,  0,
  0,  0,  0,  0,  0,  0,  0,  0,  0,  0,  0,  0,
  0,  0,  0,  0,  0,  0,  0,  0,  0,  0,  0,  0,
  0,  0,  0,  0,  0,  0,  0,  0,  0,  0,  0,  0,
  0,  0,  0,  0,  0,  0,  0,  0,  0,  0,  0,  0,
  0,  0,  0,  0,  0,  0,  0,  0,  0,  0,  0,  0,
  0,  0,  0,  0,  0,  0,  0,  0,  0,  0,  0,  0,
  0,  0,  0,  0,  0,  0,  0,  0,  0,  0,  0,  0,
  0,  0,  0,  0,  0,  0,  0,  0,  0,  0,  0,  0,
  0,  0,  0,  0,  0,  0,  0,  0,  0,  0,  0,  0,

A
2,1,0,
3,1,3,
3,2,3,
2,3,3,
3,3,3,
3,3,3,
B
  0,  0,  0,  0,  0,153,  0,161,  0,  0,  0,  0,
  0,  0,  0,178,  0,  0,  0,  0,  0,  0,180,  0,
  0,  0,  0,165,  0,  0,  0,  0,161,  0,  0,  0,
  0,  0,  0,  0,  0,  0,  0,  0,  0,  0,  0,  0,
  0,  0,  0,  0,  0,  0,  0,  0,  0,  0,  0,  0,
  0,  0,  0,  0,  0,  0,  0,  0,168,  0,  0,  0,
178,  0,  0,171,  0,  0,154,  0,  0,  0,  0, 12,
  0,  0,  0,  0,  0,  0,  0,  0,  0,  0,170, 14,
 13,157,  0,  0,  0,  0,  0,  0,  0,  0,  0,  0,
 15,  0,  0,  0,  0,  0,  0,  0,  0,  0,  0,  0,
  0,  0,  0,  0,  0,  0,  0,  0,  0,  0,  0,  0,
  0,  0,  0,  0,  0,  0,  0,  0,  0,  0,  0,  0,

A
2,2,2,
3,0,2,
3,2,2,
2,1,1,
3,3,3,
0,0,2,
B
  0,178,  0,  0,  0,  0,  0,129,118,129,  0,  0,
 25, 40,172,173, 41,  0,  0,126,126,126,  0,155,
 13, 38,  0,  0, 38,  0,178,  0,  0,  0,  0,  0,
 15, 38, 40, 39, 43,  0,  0,155,  0,  0,  0,  0,
 39, 43, 38,  0,  0,  0,  0,  0,  0,  0,  0,  0,
 39, 39, 43,  0,  0,  0,  0,  0,  0,158, 12, 13,
  0,  0,  0,154,  0,  0,  0,158,  0,  0, 14, 15,
  0,  0,169,  0,  0,  0,  0,  0,  0,  0,  0,156,
206,206,206,206,206,206,206,206,206,206,206,206,
  0,  0,  0,  0,  0,  0,189,  0,  0,  0,  0,154,
206,206,206,206,206,206,206,206,206,206,206,206,
174,  0,  0,  0,  0,  0,  0,  0,  0,168,  0,  0,
C
  0,  0,  0,  0,  0,  0,128,116,  0,117,127,  0,
  0,  0, 34, 35,  0,  0,  0,  0,  0,  0,  0,  0,
  0,  0, 36, 37,  0,  0,  0,  0,  0,  0,  0,  0,
  0,  0,  0,  0,  0,  0,  0,  0,  0,  0,  0,  0,
  0,  0,  0,  0,  0,  0,  0,  0,  0,  0,  0,  0,
  0,  0,  0,  0,  0,  0,  0,  0,  0,  0,  0,  0,
  0,  0,  0,  0,  0,  0,  0,  0,  0,  0,  0,  0,
  0,  0,  0,  0,  0,  0,  0,  0,  0,  0,  0,  0,
  0,  0,  0,  0,  0,  0,  0,  0,  0,  0,  0,  0,
  0,  0,  0,  0,  0,  0,  0,  0,  0,  0,  0,  0,
  0,  0,  0,  0,  0,  0,  0,  0,  0,  0,  0,  0,
  0,  0,  0,  0,  0,  0,  0,  0,  0,  0,  0,  0,

A
1,1,2,
2,2,1,
1,0,1,
2,2,2,
3,2,3,
2,2,3,
B
  0,  0,  0,  0,166,  0,  0,  0,  0,128,129,118,
 27,  0,  0,  0,  0,  0,  0,  0,  0,154,126,126,
  0,  0,  0,  0,  0,  0,  0,  0,  0,158,  0,  0,
  0,  0,  0,  0,  0,  0,  0,  0,  0,  0,  0,  0,
  0,  0,  0,  0,  0,  0,155,  0,  0,  0, 26, 27,
168,  0,  0,  0,  0,  0,  0,168,  0,  0,  0,  0,
  0,  0,156,  0,  0,  0,  0,  0,  0,  0,  0,  0,
 11, 11,  0,  0,  0,  0,153,125,125,125,  0,  0,
179,179,  0,  0,  0,  0,128,129,  0,129,127,  0,
  0,  0,170,  0,  0,  0,128,129,  0,129,127,  0,
  0,  0,  0,  0,  0,  0,128,129,  0,129,127,168,
153,  0,  0,  0,154,  0,128,129,106,129,127,  0,
C
  0,  0,  0,  0,  0,  0,  0,  0,  0,  0,116,  0,
  0,  0,  0,  0,  0,  0,  0,  0,  0,  0,  0,  0,
  0,  0,  0,  0,  0,  0,  0,  0,  0,  0,  0,  0,
  0,  0,  0,  0,  0,  0,  0,  0,  0,  0,  0,  0,
  0,  0,  0,  0,  0,  0,  0,  0,  0,  0,  0,  0,
  0,  0,  0,  0,  0,  0,  0,  0,  0,  0,  0,  0,
  0,  0,  0,  0,  0,  0,  0,  0,  0,  0,  0,  0,
  0,  0,  0,  0,  0,  0,  0,  0,  0,  0,  0,  0,
  0,  0,  0,  0,  0,  0,  0, 99,100,101,  0,  0,
  0,  0,  0,  0,  0,  0,  0,102,103,104,  0,  0,
  0,  0,  0,  0,  0,  0,  0,102,103,104,  0,  0,
  0,  0,  0,  0,  0,  0,  0,105,  0,107,  0,  0,

A
3,2,3,
1,3,0,
3,1,3,
2,3,2,
2,1,1,
3,2,3,
B
  0,  0,  0,  0,  0,  0,157,  0,  0,153,  0,  0,
  0,  0,  0,  0,  0,  0,  0,  0,  0,  0,  0,  0,
  0,  0,  0,  0,  0,  0,  0,  0,  0,  0,  0,  0,
  0,  0,155,  0,  0,  0,  0,  0,  0,  0,  0,  0,
  0,  0,  0,  0,  0,  0,  0,  0,  0,  0,  0,  0,
  0,  0,  0,  0,  0,  0,  0,  0,  0,157,  0,  0,
 48, 48, 48,  0,  0,  0,  0,  0,  0, 48, 48, 48,
  0,  0,  0,  0,  0,  0,  0,  0,  0,158,  0,  0,
  0,  0,  0,  0,  0,  0,  0,160,  0,  0,  0,  0,
  0,  0,  0,  0,  0,  0,  0,  0,162,  0,  0,100,
  0,  0,  0,157,  0,  0,  0,  0,  0,128,129,  0,
  0,  0,  0,  0,  0,  0,  0,  0,  0,128,129,106,
C
  0,  0,  0,  0,  0,  0,  0,  0,  0,  0,  0,  0,
  0,  0,  0,  0,  0,  0,  0,  0,  0,  0,  0,  0,
  0,  0,  0,  0,  0,  0,  0,  0,  0,  0,  0,  0,
  0,  0,  0,  0,  0,  0,  0,  0,  0,  0,  0,  0,
  0,  0,  0,  0,  0,  0,  0,  0,  0,  0,  0,  0,
  0,  0,  0,  0,  0,  0,  0,  0,  0,  0,  0,  0,
  0,  0,  0,  0,  0,  0,  0,  0,  0,  0,  0,  0,
  0,  0,  0,  0,  0,  0,  0,  0,  0,  0,  0,  0,
  0,  0,  0,  0,  0,  0,  0,  0,  0,  0,  0,  0,
  0,  0,  0,  0,  0,  0,  0,  0,  0,  0, 99,  0,
  0,  0,  0,  0,  0,  0,  0,  0,  0,  0,102,103,
  0,  0,  0,  0,  0,  0,  0,  0,  0,  0,105,106,

A
5,2,3,
1,2,1,
2,3,1,
1,1,1,
3,2,2,
2,3,1,
B
  0,  0,  0,  0,141,138,138,138,138,138,141,141,
  0,  0,  0,  0,  0,  0,  0,  0,  0,137,141,141,
141,141,138,138,  0,157,  0,  0,  0,137,141,141,
141,141,139,  0,  0,  0,  0,  0,  0,  0,138,141,
138,138,  0,  0,  0,  0,  0,  0,  0,  0,  0,138,
  0,  0,  0,  0,  0,  0,  0,  0,  0,  0,158,  0,
  0,  0,154,  0,  0,  0,  0,  0,  0,  0,  0,  0,
  0,  0,  0,  0,  0,  0,  0,159,  0,  0,  0,  0,
  0,  0,  0,  0,  0,  0,  0,  0,  0,  0,  0,  0,
  0,  0,  0,  0,  0,  0,  0,  0,  0,  0,  0,  0,
156,  0,  0,161,162,  0,  0,  0,  0,  0,  0,  0,
  0,  0,  0,  0,  0,  0,  0,  0,  0,  0,  0,  0,
C
 54, 49, 49,  1,  2,  0,  0,  0,  0, 53, 54,  0,
 56, 51, 52,  4,  4,  0,  0,  0,  0, 55, 56, 53,
 54,  0,  0,  0,  0,  0,  0,  0,  0,  0,  0, 55,
 56,  0,  0,  0,  0,  0,  0,  0,  0,  0, 49, 50,
  0,  0,  0,  0,  0,  0,  0,  0,  0,  0, 51, 52,
  0,  0,  0,  0,  0,  0,  0,  0,  0,  0,  0,  0,
  0,  0,  0,  0,  0,  0,  0,  0,  0,  0,  0,  0,
  0,  0,  0,  0,  0,  0,  0,  0,  0,  0,  0,  0,
  0,  0,  0,  0,  0,  0,  0,  0,  0,  0,  0,  0,
  0,  0,  0,  0,  0,  0,  0,  0,  0,  0,  0,  0,
  0,  0,  0,  0,  0,  0,  0,  0,  0,  0,  0,  0,
  0,  0,  0,  0,  0,  0,  0,  0,  0,  0,  0,  0,

A
5,5,5,
5,5,5,
5,5,5,
5,5,5,
5,5,5,
5,5,5,
B
  0,  0,  0,  0,  0,  0,  0,  0,  0,  0,  0,  0,
 50,  0,  0,  0,  0,  0,  0,  0, 50, 49, 50, 53,
 52,  0,  0,  0,  0,  0, 50,  0, 52, 51, 52, 55,
 49, 50, 55, 56,  0,  0, 52, 49, 50, 53, 54, 49,
 51, 49, 50, 53, 54, 49, 50, 51, 52, 55, 49, 50,
  0, 51, 52, 55, 56, 51,  0, 54, 49, 50, 51, 52,
181, 57, 53, 54,  1,  2, 49,  0, 53, 54, 57, 53,
  1,  2, 55, 56,  3,  4, 51, 52, 55, 56, 49, 50,
  3,  4, 49, 50, 49, 50, 54, 57, 49, 50, 51, 52,
 50, 32, 51, 52, 51, 52, 56, 33, 51, 52, 53, 54,
 52, 53, 54,  0,  0,  0,  0,  0,  0, 49, 50, 56,
 49, 55, 56,  0,  0,  0,  0,  0,  0, 51, 52, 32,
C
  0,  0,  0,  0, 49, 50,  0,  0,  0,  0,  0,  0,
  0, 53, 54, 49, 51, 52, 53, 54,  0,  0,  0,  0,
  0, 55, 56, 51,  0, 49, 55, 56,  0,  0,  0,  0,
  0,  0,  0,  0,  0, 51,  0,  0,  0,  0,  0,  0,
  0, 52,  0,  0,  0,  0,  0,  0,  0,  0, 56,  0,
 54,  0,  0,  0,  0,  0, 53,  0,  0,  0,  0,  0,
 56,  0,  0,  0,  0,  0, 55, 56,  0,  0,  0,  0,
  0,  0,  0,  0,  0,  0,  0,  0,  0,  0,  0, 55,
  0,  0,  0,  0,  0, 53,  0,  0,  0,  0,  0,  0,
  0,  0,  0,  0,  0, 55,  0,  0,  0,  0,  0,  0,
  0,  0,  0,  0,  0,  0,  0,  0,  0,  0, 55,  0,
  0,  0,  0,  0,  0,  0,  0,  0,  0,  0,  0,  0,

