A
1,1,1,
1,1,1,
1,1,1,
1,1,1,
1,1,1,
1,1,1,
B
  0,  0,  0,  0,  0,  0,  0,  0,  0,  0,  0,  0,
  0,  0,  0,  0,  0,  0,  0,  0,  0,  0,  0,  0,
  0,  0,  0,  0,  0,  0,  0,  0,  0,  0,  0,  0,
  0,  0,  0,  0,  0,  0,  0,  0,  0,  0,  0,  0,
  0,  0,  0,  0,  0,  0,  0,  0,  0,  0,  0,  0,
  0,  0,  0,  0,  0,  0,  0,  0,  0,  0,  0,  0,
  0,  0,  0,  0,  0,  0,  0,  0,  0,  0,  0,  0,
  0,  0,  0,  0,  0,  0,  0,  0,  0,  0,  0,  0,
  0,  0,  0,  0,  0,  0,  0,  0,  0,  0,  0,  0,
  0,  0,  0,  0,  0,  0,  0,  0,  0,  0,  0,  0,
  0,  0,  0,  0,  0,  0,  0,  0,  0,  0,  0,  0,
  0,  0,  0,  0,  0,  0,  0,  0,  0,  0,  0,  0,

A
5,5,5,
5,5,5,
5,5,5,
5,5,5,
1,2,3,
1,1,1,
B
 87, 87, 87,185,185,185,185,185,185, 87, 87, 87,
190,190,190,185,185,185,185,185,185,190,190,190,
190,190,190,185,185,185,185,185,185,190,190,190,
 86, 86, 86,186,186,186,186,186,186, 86, 86, 86,
 49, 50, 31,  0,  0,166,  0,  0,176,  0,  0, 31,
 51, 52, 53, 54,  0,  0,  0,  0,  0,  0,175,  0,
  0, 33, 55, 56,  0,  0,  0,  0,  0,175,  0,176,
 44, 44, 44, 44, 45,  0,  0, 46, 44, 44, 44, 44,
138,138,138,138,138,138,138,138,138,138,138,138,
165,  0,160,  0,  0,  0,  0,  0,  0,159,  0,161,
  0,  0,  0,  0,  0,  0,  0,  0,  0,  0,  0,  0,
  0,  0,  0,  0,  0,  0,  0,  0,  0,  0,  0,  0,

A
5,5,5,
5,5,5,
5,5,5,
5,5,5,
5,5,5,
5,5,5,
B
  0,  0,  0,  0,  0,  0,  0,175,  0,  0,  0,176,
  0,  0,  0,  0,  0,  0,  0,  0,  0, 32,  0,  0,
175,  0,  0,  0,  0,  0,  0,  0,  0,  0,  0,  0,
176,176, 33,176,176,  0,  0,176,176,176,176,176,
185,185,185,185,176,  0,  0,176,185,185,185,185,
  0, 63, 64,  0,176,  0,  0,176,  0, 63, 64,  0,
185, 67, 68,185,176,  0,  0,176,185, 67, 68,185,
185,185,185,185,176,178,178,176,185,185,185,185,
185,185,185,185,185,185,185,185,185,185,185,185,
185,185,185,185,185,185,185,185,185,185,185,185,
185,185,185,185,185,185,185,185,185,185,185,185,
186,186,186,185,185,185,185,185,185,186,186,186,
C
  0,  0,  0,  0,  0,  0,  0,  0,  0,  0,  0,  0,
  0,  0,  0,  0,  0,  0,  0,  0,  0,  0,  0,  0,
  0,  0,  0,  0,  0,  0,  0,  0,  0,  0,  0,  0,
  0,  0,  0,  0,  0,  0,  0,  0,  0,  0,  0,  0,
 58, 59, 60, 61,  0,  0,  0,  0, 58, 59, 60, 61,
 62,  0,  0, 65,  0,  0,  0,  0, 62,  0,  0, 65,
 66,  0,  0, 69,  0,  0,  0,  0, 66,  0,  0, 69,
 70, 71, 72, 73,  0,  0,  0,  0, 70, 71, 72, 73,
  0,  0,  0,  0,  0,  0,  0,  0,  0,  0,  0,  0,
  0,  0,  0,  0,  0,  0,  0,  0,  0,  0,  0,  0,
  0,  0,  0,  0,  0,  0,  0,  0,  0,  0,  0,  0,
  0,  0,  0,  0,  0,  0,  0,  0,  0,  0,  0,  0,

A
5,5,5,
5,5,5,
5,5,5,
5,5,5,
5,5,5,
5,5,5,
B
152,147,147,147,147,147,147,150,  0,  0,  0,125,
148,177,  0,  0,  0,175,  0,  0,  0,  0,128,129,
148,  0,  0,  0,  0,  0,  0,  0,  0,  0,128,129,
148,  0,  0,  0,  0,  0,  0,  0,  0,  0,128,129,
150,  0,  0,  0,  0,  0,177,  0,  0,  0,128,129,
  0,  0,  0, 83,  0,  0,  0,  0,  0,  0,  0,126,
  0,  0,  0,  0,  0,  0,  0,  0,  0,  0,  0,  0,
  0,  0,  0,  0,  0,  0,  0,  0, 46, 44, 44, 44,
  0,  0,175,169,  0,  0,  0,  0,  0, 57, 49,176,
 53, 54,  0,  0,  0,  0,  0,  0,  0,  0, 51, 52,
 55, 56,  0,  0,  0,  0,  0,  0,  0,  0,  0,  0,
  0,206,206,  0,  0,206,  0,206,206,  0,206,  0,
C
  0,  0,  0,  0,  0,  0,  0,  0,  0,  0,  0,  0,
  0,  0,  0,  0,  0,  0,  0,  0,  0,  0,  0, 40,
  0,  0,  0,  0,  0,  0,  0,  0,  0,  0,  0, 38,
  0,  0,  0,  0,  0,  0,  0,  0,  0,  0,  0, 38,
  0,  0,  0,  0,  0,  0,  0,  0,  0,  0,  0, 42,
  0,  0,  0,  0,  0,  0,  0,  0,  0,  0,  0,  0,
  0,  0,  0,  0,  0,  0,  0,  0,  0,  0,  0,  0,
  0,  0,  0,  0,  0,  0,  0,  0,  0,  0,  0,  0,
  0,  0,  0,  0,  0,  0,  0,  0,  0,  0,  0, 50,
  0,  0,  0,  0,  0,  0,  0,  0,  0,  0,  0,  0,
  0,  0,  0,  0,  0,  0,  0,  0,  0,  0,  0,  0,
  0,  0,  0,  0,  0,  0,  0,  0,  0,  0,  0,  0,

A
5,5,5,
5,5,5,
5,5,5,
5,5,5,
5,5,5,
5,5,5,
B
  0,148,176,171,  0,  0,  0,  0,  0,  0,  0,189,
  0,148,  0,177,  0,  0,  0, 32,125,172,173,125,
175,148,  0,  0,  0,170,  0,  0,128,129,129,129,
  0,148,  0,  0,  0,177,  0,  0,128,129,129,129,
  0,148,177,  0,  0,  0,  0,  0,128,126,126,126,
  0,149,147,147,147,147,147,151,  0,  0,  0,  0,
  0,  0,  0,  0, 53, 54,176,148,  0,  0,169,  0,
177,  0,  0,  0, 55, 56,  0,148,177,  0,  0,  0,
175,  0,  0,  0,  0,  0,  0,148,  0,  0,  0,175,
  0,  0,  0,  0,  0,  0,  0,148,  0,  0,176,  0,
  0,  0,  0,  0,  0,  0,  0,148,  0,  0,  0, 57,
  0,  0,  0,  0,  0,  0,177,148,  0,  0,  0, 57,
C
  0,  0,  0,  0,  0,  0,  0,  0,  0,  0,  0,  0,
  0,  0,  0,  0,  0,  0,  0,  0, 40, 34, 35, 39,
  0,  0,  0,  0,  0,  0,  0,  0, 38, 36, 37,  0,
  0,  0,  0,  0,  0,  0,  0,  0, 38,  0,  0,  0,
  0,  0,  0,  0,  0,  0,  0,  0, 42, 39, 39, 39,
  0,  0,  0,  0,  0,  0,  0,  0,  0,  0,  0,  0,
  0,  0,  0,  0,  0,  0,  0,  0,  0,  0,  0,  0,
  0,  0,  0,  0,  0,  0,  0,  0,  0,  0,  0,  0,
  0,  0,  0,  0,  0,  0,  0,  0,  0,  0,  0,  0,
  0,  0,  0,  0,  0,  0,  0,  0,  0,  0,  0,  0,
  0,  0,  0,  0,  0,  0,  0,  0,  0,  0,  0,  0,
  0,  0,  0,  0,  0,  0,  0,  0,  0,  0,  0,  0,

A
5,5,5,
5,5,5,
5,5,5,
5,5,5,
5,5,5,
5,5,5,
B
  0,  0,  0,  0,  0,  0,  0,  0,  0,  0,  0,  0,
  0,  0,  0,  0,  0,  0,  0,  0,  0,  0,  0,  0,
154,176,125,125,125,125,125,125,176,  0,  0, 33,
  0,128,185,185,185,185,185,185,127,  0,  0,  0,
  0,128,185,185,185,185,185,185,127,  0,152,147,
  0,128,185,185,185,185,185,185,127,  0,148,176,
  0,128,185,185,185,185,185,185,127,  0,148,  0,
175,128,186,186,186,186,186,186,127,  0,148,  0,
  0,176,126,126,126,126,126,126,176,  0,148,  0,
 32,  0,  0,  0,  0,  0,  0,  0,  0,  0,148,  0,
  0,  0,  0,177,  0,  0,  0,  0,  0, 33,148,  0,
  0,152,147,147,147,147,147,147,147,147,150,  0,

A
5,5,5,
5,5,5,
5,5,5,
5,5,5,
5,5,5,
5,5,5,
B
  0,  0,  0,  0,  0,  0,  0,  0,  0,  0,  0,  0,
  0,  0,  0,  0,  0,  0,  0,  0,  0,  0,  0,  0,
  0,  0,  0,  0,  0,  0,  0,  0,  0,  0,  0,  0,
  0,  0,  0,  0,  0,  0,  0,  0,  0,  0,  0,  0,
  0,  0,  0,  0,  0,  0,  0,  0,  0,  0,  0,  0,
  0,  0,  0,  0,  0,  0,  0,  0,  0,  0,  0,  0,
  0,  0,  0,  0,  0,  0,  0,  0,  0,  0,  0,  0,
  0,  0,  0,  0,  0,  0,  0,  0,  0,  0,  0,  0,
  0,  0,  0,  0,  0,  0,  0,  0,  0,  0,  0,  0,
  0,  0,  0,  0,  0,  0,  0,  0,  0,  0,  0,  0,
  0,  0,  0,  0,  0,  0,  0,  0,  0,  0,  0,  0,
  0,  0,  0,  0,  0,  0,  0,  0,  0,  0,  0,  0,

A
5,5,5,
5,5,5,
5,5,5,
5,5,5,
5,5,5,
5,5,5,
B
146, 56,  0,  0,177,  0,  0,  0,144,183,184,182,
146,143, 54,  0,  0,  0,  0,  0,  0,181,181,184,
146,143, 56,  0,  0,  0,  0,  0,  0,181,181,182,
146,143, 54,  0,  0,  0,177,  0, 51,181,182,184,
146,143, 56,  0,  0,  0,  0,  0,  0,183,184,182,
146,146,  0,  0,176,  0,  0,  0, 51,181,182,184,
146,146,  0,110,  0,  0,  0,  0, 53,182,184,183,
146, 52, 54,143,  0,  0,  0,  0, 55,181,  0,181,
146,146,146,146, 49,177,  0,  0, 49,182,183,184,
 48, 48, 48, 48, 48, 48,  0,170, 51, 52, 26, 27,
  0,  0,  0,  0,  0,  0,  0,  0,  0,  0,  0,  0,
  0,  0,  0,  0,  0,  0,  0,  0,  0,  0,  0,  0,
C
112,  0,  0,  0,  0,  0,  0,  0, 53, 54, 49, 20,
 50, 53,  0,  0,  0,  0,  0,  0, 55, 56, 51, 20,
 52, 55,  0,  0,  0,  0,  0,  0, 49, 50, 49, 20,
111, 53,  0,  0,  0,  0,  0,  0,  0, 52, 51, 20,
112, 55,  0,  0,  0,  0,  0,  0, 49, 50, 53, 20,
 54, 49, 50,  0,  0,  0,  0,  0, 51, 52, 55, 20,
112, 51, 52,  0,  0,  0,  0,  0,  0, 54, 49, 14,
112, 53,  0, 49, 50,  0,  0,  0,  0, 56, 12, 13,
 56, 55, 56, 51,  0,  0,  0,  0,  0, 50, 14, 15,
  0,  0,  0,  0,  0,  0,  0,  0,  0,  0,  0,  0,
  0,  0,  0,  0,  0,  0,  0,  0,  0,  0,  0,  0,
  0,  0,  0,  0,  0,  0,  0,  0,  0,  0,  0,  0,

A
5,5,5,
5,5,5,
5,5,5,
5,5,5,
5,5,5,
5,5,5,
B
182,181,182,181,182,  0,  0,  0,  0,176,  0,  0,
146,183,184,183,184,  0,  0,166,  0,  0,  0,  0,
146,181,182,  0,  0,  0,  0,  0,  0,  0,  0,176,
146,183,184,  0,  0,  0,  0,177,  0,  0,  0,  0,
182,  0,  0,  0,  0,  0,170,  0,  0,  0, 49, 50,
184,  0,  0,  0,  0,  0,  0,  0,  0,  0, 51, 52,
  0,  0,169,  0,  0,  0,176,  0,  0,181,  0,  0,
  0,  0,  0,  0,154,  0,  0,  0,  0, 52,  0,  0,
  0,  0,  0,  0,  0,  0,171,  0,  0, 50, 49,183,
156,  0,  0,170,  0,  0,  0,  0,  0,181,182,184,
177,  0,  0,  0,  0,  0,156,  0,  0,183,184,146,
  0,  0,  0,  0,  0,  0,  0,  0,  0,181,182,  0,
C
 55, 56, 51, 52, 51, 52, 55, 56,  0,  0,  0,  0,
 49, 50, 53, 54, 49, 50,  0,  0,  0,  0,  0,  0,
 51, 52, 55, 56, 51, 52,  0,  0,  0,  0,  0,  0,
 49, 50, 49, 50,  0,  0,  0,  0,  0,  0,  0,  0,
 51, 52, 51, 52,  0,  0,  0,  0,  0,  0,  0,  0,
 53, 54,  0,  0,  0,  0,  0,  0,  0,  0,  0,  0,
 55,112,  0,  0,  0,  0,  0,  0, 49, 50, 53, 54,
  0,  0,  0,  0,  0,  0,  0,  0, 51,110,111, 56,
  0,  0,  0,  0,  0,  0,  0,  0, 49,112,113, 50,
  0,  0,  0,  0,  0,  0,  0,  0, 51, 52, 51, 52,
  0,  0,  0,  0,  0,  0,  0,  0, 49, 50, 53, 54,
 53, 54,  0,  0,  0,  0,  0,  0, 51, 52, 55, 16,

A
5,5,5,
5,5,5,
5,5,5,
5,5,5,
5,5,5,
5,5,5,
B
  0,  0,  0,177,  0,157,  0,  0,  0,  0, 49, 50,
110,111,  0,  0,  0,  0,  0,  0,  0,  0, 51, 52,
112,113,  0,  0,  0,  0,  0,  0,  0,  0, 49, 50,
 49, 50,  0,  0,  0,  0,  0,176,  0,  0, 51, 52,
 51, 52,157,  0,  0,  0,  0,  0,  0,  0, 53, 54,
184,  0, 49, 50,  0,  0,176,  0,  0,177, 55, 56,
182,181,182, 52,  0,  0,  0,  0,  0,  0, 49, 50,
184,183,184,  0, 49, 50,  0,  0,  0,  0, 51, 52,
  0, 56, 51,181,182, 52,  0,  0,170,  0,  0,176,
146,182,181,146,184,  0, 49, 50,  0,  0,  0,  0,
182,146,146,146,182,181,182, 52,  0,  0,169,  0,
  0,181,182,146,184,183,184, 54,  0,  0,  0,  0,
C
  0,  0,  0,  0,  0,  0,  0,  0,  0,  0,  0,  0,
  0,  0,  0,  0,  0,  0,  0,  0,  0,  0,  0,110,
  0,  0,  0,  0,  0,  0,  0,  0,  0,  0,  0,112,
  0,  0,  0,  0,  0,  0,  0,  0,  0,  0,  0,  0,
  0,  0,  0,  0,  0,  0,  0,  0,  0,  0,  0,  0,
 49, 50,  0,  0,  0,  0,  0,  0,  0,  0,  0,  0,
 51,181, 51,  0,  0,  0,  0,  0,  0,  0,  0,  0,
 53, 54, 49, 50,  0,  0,  0,  0,  0,  0,  0,  0,
 55,110,111, 52, 51,  0,  0,  0,  0,  0,  0,  0,
 49,112,113, 50, 53, 54,  0,  0,  0,  0,  0,  0,
 51, 52, 51, 52, 55, 56, 51,  0,  0,  0,  0,  0,
 53, 54, 49, 50, 49, 50, 53,  0,  0,  0,  0,  0,

A
5,5,5,
5,5,5,
5,5,5,
5,5,5,
5,5,5,
5,5,5,
B
 49,  0,  0,  0,  0,180,  0,  0,  0,  0,  0,  0,
184,146,146,  0,  0,  0,  0,  0,  0,  0,  0,  0,
182,146,182,  0,  0,  0,  0,  0,153,  0,  0,  0,
 55,146,184,  0,  0,  0,  0,  0,  0,  0,  0,  0,
 49, 50,  0,  0,  0,  0,176,  0,  0,  0,  0,  0,
146,146,  0,  0,  0,  0,  0,  0,  0,  0,  0,  0,
146,146,  0,  0,  0,  0,177,  0,  0,176,  0,  0,
 51, 52,  0,176,  0,  0,  0,  0,  0,  0,  0,  0,
  0,  0,  0,  0,  0,  0,  0,  0,  0,  0,  0,  0,
  0,  0,156,  0,  0,  0,  0,  0,  0,  0,  0,  0,
  0,  0,  0,  0,  0,  0,  0,  0,  0,  0,  0,  0,
176,  0,  0,  0,  0,  0,  0,  0,  0,  0,  0,176,
C
113, 50, 53, 54,  0,  0,  0,  0,  0,  0,  0,  0,
 51, 52, 55, 56,  0,  0,  0,  0,  0,  0,  0,  0,
 53, 54, 49, 50,  0,  0,  0,  0,  0,  0,  0,  0,
110, 56, 51, 52,  0,  0,  0,  0,  0,  0,  0,  0,
113,  0,  0,  0,  0,  0,  0,  0,  0,  0,  0,  0,
 51, 52,  0,  0,  0,  0,  0,  0,  0,  0,  0,  0,
 49, 50,  0,  0,  0,  0,  0,  0,  0,  0,  0,  0,
  0,  0,  0,  0,  0,  0,  0,  0,  0,  0,  0,  0,
  0,  0,  0,  0,  0,  0,  0,  0,  0,  0,  0,  0,
  0,  0,  0,  0,  0,  0,  0,  0,  0,  0,  0,  0,
  0,  0,  0,  0,  0,  0,  0,  0,  0,  0,  0,  0,
  0,  0,  0,  0,  0,  0,  0,  0,  0,  0,  0,  0,

A
5,5,5,
5,5,5,
5,5,5,
5,5,5,
5,5,5,
5,5,5,
B
  0,  0,  0,  0,  0,  0,  0,  0,  0,  0,  0,  0,
  0,  0,  0,  0,  0,  0,  0,  0,  0,  0,  0,  0,
  0,  0,  0,  0,  0,  0,  0,  0,  0,  0,  0,  0,
  0,  0,  0,  0,  0,  0,  0,  0,  0,  0,  0,  0,
  0,  0,  0,  0,  0,  0,  0,  0,  0,  0,  0,  0,
  0,  0,  0,  0,  0,  0,  0,  0,  0,  0,  0,  0,
 49, 50,  0,178,  0,  0,  0,  0,  0,  0,  0,  0,
184, 52,  0,  0,  0,  0,  0,  0,176,  0,  0,  0,
182, 54,  0,  0,  0,  0,177,  0,  0,  0,  0,  0,
184, 56,176,  0,  0,  0,  0,  0,  0,  0,  0,  0,
182, 50,  0,  0,  0,  0,  0,  0,  0,  0,  0,177,
 51, 52,  0,  0,  0,  0,  0,  0,  0,176,  0,  0,
C
  0,  0,  0,  0,  0,  0,  0,  0,  0,  0,  0,  0,
  0,  0,  0,  0,  0,  0,  0,  0,  0,  0,  0,  0,
 58, 59, 60, 61,  0,  0,  0,  0, 58, 59, 60, 61,
 62, 63, 64, 65,  0,  0,  0,  0, 62, 63, 64, 65,
 80, 67, 68, 81,  0,  0,  0,  0, 80, 67, 68, 81,
 70, 71, 72, 73,174,  0,  0,  0, 70, 71, 72, 73,
  0,  0,  0,  0,  0,  0,  0,  0,  0,  0,  0,  0,
 51,  0,  0,  0,  0,  0,  0,  0,  0,  0,  0,  0,
 53,  0,  0,  0,  0,  0,  0,  0,  0,  0,  0,  0,
 55,  0,  0,  0,  0,  0,  0,  0,  0,  0,  0,  0,
 49,  0,  0,  0,  0,  0,  0,  0,  0,  0,  0,  0,
111,  0,  0,  0,  0,  0,  0,  0,  0,  0,  0,  0,

A
5,5,5,
5,5,5,
5,5,5,
5,5,5,
5,5,5,
5,5,5,
B
  0,  0,  0,  0,  0,  0,  0,  0,  0,  0,  0,  0,
  0,  0,  0,  0,  0,  0,  0,  0,  0,  0,  0,  0,
  0,  0,  0,  0,  0,  0,  0,  0,  0,  0,  0,  0,
  0,  0,  0,  0,  0,  0,  0,  0,  0,  0,  0,  0,
  0,  0,  0,  0,  0,  0,  0,  0,  0,  0,  0,  0,
  0,  0,  0,  0,  0,  0,  0,  0,  0,  0,  0,  0,
  0,  0,  0,  0,  0,  0,  0,  0,  0,  0,  0,  0,
  0,  0,  0,  0,  0,  0,  0,  0,  0,  0,  0,  0,
  0,  0,  0,  0,  0,  0,  0,  0,  0,  0,  0,  0,
  0,  0,  0,  0,  0,  0,  0,  0,  0,  0,  0,  0,
  0,  0,  0,  0,  0,  0,  0,  0,  0,  0,  0,  0,
  0,  0,  0,  0,  0,  0,  0,  0,  0,  0,  0,  0,

A
5,5,5,
5,5,5,
5,5,5,
5,5,5,
5,5,5,
5,5,5,
B
  0,177,  0,  0,  0,  0,  0,176,  0,  0,  0,  0,
  0,  0,  0,  0,  0,  0,  0,  0,  0,175,  0,  0,
 48, 48, 48,  0,  0,  0,  0,  0,  0, 48, 48, 48,
  0,  0,  0,  0,  0,176,  0,  0,  0,  0, 49,181,
  0,  0,170,  0,  0,  0,  0,  0,  0,  0, 51,183,
 48, 48, 48,  0,  0,  0,  0,  0,  0, 48, 48, 48,
177,  0,  0,  0,  0,  0,  0,  0,  0,  0,  0,161,
  0,  0,  0,  0,  0,  0,  0,  0,169,  0,  0,  0,
 48, 48, 48,  0,158,  0,176,  0,  0, 48, 48, 48,
  0,176,  0,  0,  0,  0,  0,  0,  0,  0,  0,176,
  0,  0,  0,  0,  0,  0,  0,  0,  0,  0,  0,  0,
  0,  0,  0,  0,  0,  0,  0,  0,  0,  0,  0,  0,
C
  0,  0,  0,  0,  0,  0,  0,  0,  0,  0,  0,  0,
  0,  0,  0,  0,  0,  0,  0,  0,  0,  0,  0,  0,
  0,  0,  0,  0,  0,  0,  0,  0,  0,  0,  0,  0,
  0,  0,  0,  0,  0,  0,  0,  0,  0,  0,  0, 50,
  0,  0,  0,  0,  0,  0,  0,  0,  0,  0,  0, 52,
  0,  0,  0,  0,  0,  0,  0,  0,  0,  0,  0,  0,
  0,  0,  0,  0,  0,  0,  0,  0,  0,  0,  0,  0,
  0,  0,  0,  0,  0,  0,  0,  0,  0,  0,  0,  0,
  0,  0,  0,  0,  0,  0,  0,  0,  0,  0,  0,  0,
  0,  0,  0,  0,  0,  0,  0,  0,  0,  0,  0,  0,
  0,  0,  0,  0,  0,  0,  0,  0,  0,  0,  0,  0,
  0,  0,  0,  0,  0,  0,  0,  0,  0,  0,  0,  0,

A
5,5,5,
5,5,5,
5,5,5,
5,5,5,
5,5,5,
5,5,5,
B
177,  0,  0,  0,  0,  0,149,147,147,147,147,147,
  0,176,  0,  0,  0,  0,  0,  0,  0,  0,157, 16,
 50,  0,  0,208,177,  0,  0,  0,  0,  0,193,129,
 52, 32,  0,176,208,  0,177,  0,155,  0,128,129,
 53, 54,  0,  0,  0,  0,  0,180,  0,  0,128,129,
 55, 56,  0,  0,  0,  0,  0,  0,  0, 27,128,129,
 27, 49, 50, 27,  0,  0,  0,  0,  0,  0,128,129,
 27, 51, 52,  0,  0,178,  0,  0,  0,157,128,129,
  0,  0,  0,  0,176,  0,  0,  0,  0,153,128,129,
  0,  0,  0,  0,  0,  0,  0,  0,  0,  0,153,196,
  0,  0,  0,177,  0,  0,  0,  0,176,  0,  0,  0,
 48, 48, 48,  0,  0,  0,  0,  0,  0, 48, 48, 48,
C
  0,  0,  0,  0,  0,  0,  0,  0,  0,  0,  0,  0,
  0,  0,  0,  0,  0,  0,  0,  0,  0,  0,  0,  0,
  0,  0,  0,  0,  0,  0,  0,  0,  0,  0,  0, 18,
  0,  0,  0,  0,  0,  0,  0,  0,  0,  0, 12, 13,
  0,  0,  0,  0,  0,  0,  0,  0,  0,  0, 14, 15,
  0,  0,  0,  0,  0,  0,  0,  0,  0,  0, 16, 17,
  0,  0,  0,  0,  0,  0,  0,  0,  0,  0, 18, 19,
  0,  0,  0,  0,  0,  0,  0,  0,  0,  0, 12, 13,
  0,  0,  0,  0,  0,  0,  0,  0,  0,  0, 14, 15,
  0,  0,  0,  0,  0,  0,  0,  0,  0,  0,  0,  0,
  0,  0,  0,  0,  0,  0,  0,  0,  0,  0,  0,  0,
  0,  0,  0,  0,  0,  0,  0,  0,  0,  0,  0,  0,

A
5,5,5,
5,5,5,
5,5,5,
5,5,5,
5,5,5,
5,5,5,
B
  0,176,  0,  0,  0,  0,  0,178,  0,  0,176,  0,
  0,  0,  0,177,  0,  0,  0,  0,  0,  0,  0,  0,
  0,  0,  0,  0,  0,176,  0,  0,177,208,  0,  0,
  0,169,  0,  0,  0,  0,  0,  0,209,176,  0,  0,
147,147,147,147,147,147,151,  0,  0,  0,  0, 25,
  0,  0,  0,  0,  0,  0,148,  0,  0,  0,  0,  0,
176,176,176,176,176,  0,148,  0,  0,176,176,176,
 87, 87, 87, 87, 87,204,204,204,204, 87, 87, 87,
 85, 85, 85, 85, 85,204,204,204,204, 85, 85, 85,
 85, 85, 85, 85, 85,204,204,204,204, 85, 85, 85,
 86, 86, 86, 86, 86,204,204,204,204, 86, 86, 86,
 32, 33, 32, 32, 33,  0,148,  0,  0,176,176,176,
C
  0,  0,  0,  0,  0,  0,  0,  0,  0,  0,  0,  0,
  0,  0,  0,  0,  0,  0,  0,  0,  0,  0,  0,  0,
  0,  0,  0,  0,  0,  0,  0,  0,  0,  0,  0,  0,
  0,  0,  0,  0,  0,  0,  0,  0,  0,  0,  0,  0,
  0,  0,  0,  0,  0,  0,  0,  0,  0,  0,  0,  0,
  0,  0,  0,  0,  0,  0,  0,  0,  0,  0,  0,  0,
  0,  0,  0,  0,  0,  0,  0,  0,  0,  0,  0,  0,
  0,  0,  0,  0,  0,  0,  0,  0,  0,  0,  0,  0,
 17,  0,  0,  0,  0,  0,  0,  0,  0,  0, 57,  0,
 15,  0,  0, 57,  0,  0,  0,  0,  0,  0,  0, 57,
  0,  0,  0,  0,  0,  0,  0,  0,  0,  0,  0,  0,
  0,  0,  0,  0,  0,  0,  0,  0,  0,  0,  0,  0,

A
5,5,5,
5,5,5,
5,5,5,
5,5,5,
5,5,5,
5,5,5,
B
129,129,129,129,129,194,  0,  0,193,129,129,129,
129,129,129,129,129,129,129,129,129,129,129,129,
129,129,129,129,129,129,129,129,129,129,129,129,
129,129,129,129,129,129,129,129,129,129,129,129,
129,129,129,129,129,129,129,129,129,129,129,129,
  0,129,129,129,129,129,129,129,129,129,129,129,
  0,  0,196,129,129,129,129,129,129,129,129,129,
  0,177,  0,196,129,129,129,129,129,129,129,129,
174,  0,  0,  0,196,129,129,129,129,129,129,129,
176,  0,  0,174,  0,126,126,126,126,126,196,129,
  0,  0,  0,176,  0,  0,  0,  0,  0,177,  0,196,
  0,  0,  0,  0,  0,  0,  0,  0,  0,  0,  0,  0,
C
  0,  0,  0,  0,  0, 12, 13, 16, 17,  0,  0,  0,
  0,  0,  0,  0,  0, 14, 15, 18, 19,  0,  0,  0,
  0,  0,  0,  0,  0,  0,  0,  0,  0,  0,  0,  0,
 59, 60, 61,  0,  0,  0,  0,  0,  0,  0,  0,  0,
 63, 64, 65,  0,  0,  0,  0,  0,  0, 58, 59, 60,
 67, 68, 69,  0,  0,  0,  0,  0,  0, 62, 63, 64,
 71, 72, 73,  0,  0,  0,  0,  0,  0, 66, 67, 68,
  0,  0,  0,  0,  0,  0,  0,  0,  0, 70, 71, 72,
  0,  0,  0,  0,  0,  0,  0,  0,  0,  0,  0,  0,
  0,  0,  0,  0,  0,  0,  0,  0,  0,  0,  0,  0,
  0,  0,  0,  0,  0,  0,  0,  0,  0,  0,  0,  0,
  0,  0,  0,  0,  0,  0,  0,  0,  0,  0,  0,  0,

A
5,5,5,
5,5,5,
5,5,5,
5,5,5,
5,5,5,
5,5,5,
B
  0,  0,  0,  0,  0,  0,  0,  0,  0,  0,  0,  0,
  0,  0,  0,  0,  0,  0,  0,  0,  0,  0,  0,  0,
  0,  0,  0,  0,169,  0,  0,  0,  0,  0,  0,155,
  0,  0,  0,  0,  0,  0,  0,  0,  0,166,  0,  0,
  0,169,  0,  0,  0,  0,171,  0,  0,  0,  0,  0,
  0,  0,  0,  0,  0,  0,  0,  0,  0,168,  0,  0,
  0,  0,  0,  0,168,  0,170,  0,  0,  0,  0,  0,
194,  0,  0,  0,  0,  0,  0,  0,  0,  0,  0,171,
191,194,  0,169,  0,  0,  0,166,  0,  0,  0,  0,
191,191,194,  0,  0,  0,  0,  0,  0,169,  0,193,
191,191,191,194,  0,168,  0,  0,  0,  0,193,129,
191,191,191,191,194,  0,  0,  0,  0,193,191,129,

A
5,5,5,
5,5,5,
5,5,5,
5,5,5,
5,5,5,
5,5,5,
B
  0,  0,  0,  0,  0,  0,  0,  0,  0,  0,  0,  0,
  0,  0,  0,  0,  0,  0,  0,  0,  0,  0,  0,  0,
  0,  0,  0,  0,  0,  0,  0,  0,  0,  0,  0,  0,
  0,  0,  0,  0,  0,  0,  0,  0,  0,  0,  0,  0,
  0,  0,  0,  0,  0,  0,  0,  0,  0,  0,  0,  0,
  0,  0,  0,  0,  0,  0,  0,  0,  0,  0,  0,  0,
  0,  0,  0,  0,  0,  0,  0,  0,  0,  0,  0,  0,
  0,  0,  0,  0,  0,  0,  0,  0,  0,  0,  0,  0,
  0,  0,  0,  0,  0,  0,  0,  0,  0,  0,  0,  0,
  0,  0,  0,  0,  0,  0,  0,  0,  0,  0,  0,  0,
  0,  0,  0,  0,  0,  0,  0,  0,  0,  0,  0,  0,
  0,  0,  0,  0,  0,  0,  0,  0,  0,  0,  0,  0,

A
5,5,5,
5,5,5,
5,5,5,
5,5,5,
5,5,5,
5,5,5,
B
 49,  0,  0,  0,  0,  0,  0,  0,  0,  0,  0,  0,
  0,  0,  0,154,  0,  0,  0,  0,  0,  0,171,  0,
  0,  0,  0,  0,  0,  0,  0,  0,  0,  0,  0,  0,
  0,  0,  0,  0,  0,  0,  0,169,  0,  0,  0,  0,
  0,  0,  0,  0,  0,166,  0,  0,  0,  0, 48, 48,
182,181, 51,  0,  0,  0,  0,  0,  0,154,  0,  0,
184,183,184,  0,  0,146,  0,  0,  0,  0,  0,  0,
182,181,182,181,182,  0,  0,  0,  0,  0,154,  0,
184,183,184,183,184,  0,  0,  0, 48, 48, 48, 48,
  0,  0,  0,  0,  0,  0,155,  0,  0,  0,  0,  0,
  0,  0,  0,  0,  0,  0,  0,  0,  0,  0,  0,  0,
  0,  0,  0,  0,  0,  0,  0,  0,  0,  0,  0,  0,
C
113, 50,  0,  0,  0,  0,  0,  0,  0,  0,  0,  0,
 51, 52,  0,  0,  0,  0,  0,  0,  0,  0,  0,  0,
 49, 50,  0,  0,  0,  0,  0,  0,  0,  0,  0,  0,
 51, 52,  0,  0,  0,  0,  0,  0,  0,  0,  0,  0,
 53, 54, 49, 50,  0,  0,  0,  0,  0,  0,  0,  0,
 55,110,111, 52,  0,  0,  0,  0,  0,  0,  0,  0,
 49,112,113, 50, 49, 50,  0,  0,  0,  0,  0,  0,
 51, 52, 51, 52, 51, 52,  0,  0,  0,  0,  0,  0,
 49, 50, 53, 54, 49, 50,  0,  0,  0,  0,  0,  0,
 51, 52, 55, 56, 51, 52,  0,  0,  0,  0,  0,  0,
  0,  0,  0,  0,  0,  0,  0,  0,  0,  0,  0,  0,
  0,  0,  0,  0,  0,  0,  0,  0,  0,  0,  0,  0,

A
5,5,5,
5,5,5,
5,5,5,
5,5,5,
5,5,5,
5,5,5,
B
  0,  0,  0,  0,175,  0,168,  0,  0,  0,110,111,
  0,178,  0,  0,  0,  0,  0,  0,  0,156,112,113,
  0,  0,  0,  0,  0,  0,  0,  0,  0,  0,  0,176,
176,176,176,176,  0,  0,  0,  0,176,176,176,176,
 87, 87, 87, 87,205,205,205,205, 87, 87, 87, 87,
 85, 85, 85, 85,205,205,205,205, 85, 85, 85, 85,
 85, 85, 85, 85,205,205,205,205, 85, 85, 85, 85,
 48, 48, 48, 48,205,205,205,205, 48, 48, 48, 48,
126,126,126,126,126,126,126,126,126,126,126,126,
182, 56, 51, 52,  0,  0,  0,  0, 51, 52, 55, 56,
184, 50,177,  0,  0,  0,  0,  0,  0, 53, 54,  0,
 51, 52,  0,  0,  0,  0,176,  0,  0, 55, 56, 88,
C
  0,  0,  0,  0,  0,  0,  0,  0,  0,  0,  0,  0,
  0,  0,  0,  0,  0,  0,  0,  0,  0,  0,  0,  0,
  0,  0,  0,  0,  0,  0,  0,  0,  0,  0,  0,  0,
  0,  0,  0,  0,  0,  0,  0,  0,  0,  0,  0,  0,
  0,  0,  0,  0,  0,  0,  0,  0,  0,  0,  0,  0,
  0,  0,  0,  0,  0,  0,  0,  0,  0,  0,  0,  0,
  0,  0,  0,  0,  0,  0,  0,  0,  0,  0,  0,  0,
  0,  0,  0,  0,  0,  0,  0,  0,  0,  0,  0,  0,
 53, 54, 49, 50,  0,  0,  0,  0, 49, 50, 53, 54,
 55,  0,  0,  0,  0,  0,  0,  0,  0,  0,  0,  0,
 49, 50,  0,  0,  0,  0,  0,  0,  0,  0,  0,  0,
111,  0,  0,  0,  0,  0,  0,  0,  0,  0,  0,  0,

A
5,5,5,
5,5,5,
5,5,5,
5,5,5,
5,5,5,
5,5,5,
B
  0,176,  0,  0,  0,  0,  0,  0,  0,  0,  0,  0,
  0,  0,  0,  0,  0,154,  0,  0,123,123,123,123,
  0,  0,168,  0,  0,  0,  0,  0,  0,121,123,123,
  0,  0,  0,  0,  0,  0,  0,169,  0,122,123,123,
  0,154,  0,  0,168,  0,  0,  0,  0,  0,  0,  0,
  0,  0,  0,  0,  0,  0,  0,  0,  0,  0,168,168,
123,123,123,123,  0,  0,168,  0,  0,  0,  0,  0,
168,  0,  0,  0,  0,  0,  0,  0,  0,  0,  0,  0,
  0,  0,  0,  0,  0,  0,  0,157,  0,  0,  0,  0,
  0,  0,  0,168,  0,  0,  0,  0,  0,168,  0,  0,
  0,155,  0,  0,  0,  0,  0,  0,176,  0,  0,  0,
  0,  0,  0,  0,  0,  0,  0,  0,  0,  0,  0,  0,

A
5,5,5,
5,5,5,
5,5,5,
5,5,5,
5,5,5,
5,5,5,
B
134,134,134,134,132,  0,  0,133,134,134,134,134,
134, 78, 79,134,132,  0,  0,133,134, 78, 79,134,
131,131,131,131,176,  0,  0,176,131,131,131,131,
  0,  0,  0,  0,  0,  0,170,  0,  0,  0,  0,  0,
  0,  0,176,  0,  0,  0,  0,  0,  0,  0,170,  0,
170,  0,  0,  0,  0,  0,  0,  0,  0,  0,  0,  0,
  0,  0,  0,  0,  0,  0,  0,177,  0,  0,  0,  0,
  0,  0,  0,  0,  0,  0,  0,  0,  0,  0,  0,  0,
130,130,130,130,130,130,130,130,130,130,130,130,
192,192,192,192,192,192,192,192,192,192,192,192,
131,131,131,131,131,131,131,131,131,131,131,131,
  0,170,  0,  0,  0,171,  0,  0,  0,  0,  0,  0,
C
 80, 67, 68, 81,  0,  0,  0,  0, 80, 67, 68, 81,
 70,  0,  0, 73,  0,  0,  0,  0, 70,  0,  0, 73,
  0,  0,  0,  0,  0,  0,  0,  0,  0,  0,  0,  0,
  0,  0,  0,  0,  0,  0,  0,  0,  0,  0,  0,  0,
  0,  0,  0,  0,  0,  0,  0,  0,  0,  0,  0,  0,
  0,  0,  0,  0,  0,  0,  0,  0,  0,  0,  0,  0,
  0,  0,  0,  0,  0,  0,  0,  0,  0,  0,  0,  0,
  0,  0,  0,  0,  0,  0,  0,  0,  0,  0,  0,  0,
138,  0,  0,  0,  0,  0,  0,  0,  0,  0,  0,  0,
  0,  0,  0,  0,  0,  0,  0,  0,  0,  0,  0,  0,
  0,  0,  0,  0,  0,  0,  0,  0,  0,  0,  0,  0,
  0,  0,  0,  0,  0,  0,  0,  0,  0,  0,  0,  0,

A
5,5,5,
5,5,5,
5,5,5,
5,5,5,
5,5,5,
5,5,5,
B
  0,  0,  0,174,  0,  0,175, 30, 70, 71, 72, 73,
130,130,130,130,130,130,130,130,130,130,130,130,
134,134,134,134,134,134,134,134,134,134,134,134,
134,  0,  0,  0,  0,  0,  0,  0,  0,  0,  0,134,
134,134,  0,  0,  0,  0,  0,  0,  0,  0,134,134,
134,134,134,134,134,134,134,134,134,134,134,134,
134,134,134,134,134,134,134,134,134,134,134,134,
131,131,131,131,131,131,131,131,131,131,131,131,
  0,  0,  0,  0,176,  0,  0,  0,  0,  0,  0,  0,
168,  0,  0,  0,  0,  0,  0,169,  0,  0,168,  0,
130, 59, 60,130,176,  0,  0,176,130, 59, 60,130,
 62, 63, 64, 65,132,  0,  0,133, 62, 63, 64, 65,
C
  0,  0,  0,  0,  0,  0,  0,  0,  0,  0,  0,  0,
  0,  0,  0,  0,  0,  0,  0,  0,  0,  0,  0,  0,
 58, 59, 74, 74, 74, 74, 74, 74, 74, 74, 60, 61,
 62, 63, 75, 75, 75, 75, 75, 75, 75, 75, 64, 65,
 66, 67, 76, 76, 76, 76, 76, 76, 76, 76, 68, 69,
 70, 71, 77, 77, 77, 77, 77, 77, 77, 77, 72, 73,
  0,  0,  0,  0,  0,  0,  0,  0,  0,  0,  0,  0,
  0,  0,  0,  0,  0,  0,  0,  0,  0,  0,  0,  0,
  0,  0,  0,  0,  0,  0,  0,  0,  0,  0,  0,  0,
  0,  0,  0,  0,  0,  0,  0,  0,  0,  0,  0,  0,
 58,  0,  0, 61,  0,  0,  0,  0, 58,  0,  0, 61,
  0,  0,  0,  0,  0,  0,  0,  0,  0,  0,  0,  0,

A
5,5,5,
5,5,5,
5,5,5,
5,5,5,
5,5,5,
5,5,5,
B
  0,  0,  0,  0,  0,  0,  0,  0,  0,  0,  0,  0,
  0,  0,  0,  0,  0,  0,  0,  0,  0,  0,  0,  0,
  0,  0,  0,  0,  0,  0,  0,  0,  0,  0,  0,  0,
  0,  0,  0,  0,  0,  0,  0,  0,  0,  0,  0,  0,
  0,  0,  0,  0,  0,  0,  0,  0,  0,  0,  0,  0,
  0,  0,  0,  0,  0,  0,  0,  0,  0,  0,  0,  0,
  0,  0,  0,  0,  0,  0,  0,  0,  0,  0,  0,  0,
  0,  0,  0,  0,  0,  0,  0,  0,  0,  0,  0,  0,
  0,  0,  0,  0,  0,  0,  0,  0,  0,  0,  0,  0,
  0,  0,  0,  0,  0,  0,  0,176, 58, 59, 60, 61,
  0,  0,  0,  0,  0,  0,  0,  0, 62, 63, 64, 65,
 72,176, 31,  0,  0,  0,  0,  0, 66, 67, 68, 69,
C
  0,  0,  0,  0,  0,  0,  0, 82, 82,  0,  0,  0,
  0,  0, 82,  0,  0,  0, 82,  0,  0, 82,  0,  0,
  0, 82,  0, 82,  0,  0, 82,  0,  0, 82,  0,  0,
  0, 82,157, 82,  0,  0, 82,157,  0, 82,  0,  0,
172,  0, 82,  0, 82, 82,  0, 82, 82,  0,173,  0,
  0,172,  0,  0,  0,  0,  0,  0,  0,173,  0,  0,
  0,  0, 39, 39, 39, 39, 39, 39, 39,  0,  0,  0,
  0,  0,  0,183,184,  0,  0,  0,  0,  0,  0,  0,
 60, 61,  0,  0,  0,  0,  0,  0,  0,  0,  0,  0,
 64, 65,  0,  0,  0,  0,  0,  0,  0,  0,  0,  0,
 68, 69,  0,  0,  0,  0,  0,  0,  0,  0,  0,  0,
  0, 73,  0,  0,  0,  0,  0,  0,  0,  0,  0,  0,

